时间,开盘,最高,最低,收盘,涨跌,涨跌幅,成交量,成交额,持仓量
2025-07-23,4806,4850,4768,4784,12,0.25,17591,422184000,28429
2025-07-22,4772,4800,4736,4788,28,0.59,21720,518239200,28484
2025-07-21,4734,4796,4732,4776,54,1.14,23497,559228608,30057
2025-07-18,4678,4772,4676,4718,52,1.11,29487,696188064,30302
2025-07-17,4654,4688,4646,4674,-2,-0.04,16674,389004416,30017
2025-07-16,4674,4688,4666,4674,2,0.04,18819,439988224,29656
2025-07-15,4734,4738,4646,4670,-32,-0.68,29847,697225920,29424
2025-07-14,4698,4734,4674,4720,20,0.43,20871,490677216,28932
2025-07-11,4736,4742,4672,4680,-40,-0.85,23438,550793008,26210
2025-07-10,4706,4754,4690,4740,48,1.02,28463,671726800,24861
2025-07-09,4694,4712,4674,4704,26,0.56,23395,548846704,23008
2025-07-08,4676,4694,4654,4672,10,0.21,21316,498581248,23146
2025-07-07,4652,4674,4630,4670,-20,-0.43,23090,538227904,22809
2025-07-04,4698,4726,4658,4670,-34,-0.72,22548,528750608,22378
2025-07-03,4732,4742,4678,4692,-8,-0.17,24955,586941600,22030
2025-07-02,4728,4732,4674,4722,18,0.38,20461,480833504,21059
2025-07-01,4702,4736,4666,4716,16,0.34,26667,627207840,19925
2025-06-30,4664,4726,4658,4688,48,1.03,36699,862426496,18459
2025-06-27,4634,4664,4620,4654,14,0.3,32520,754464000,17214
2025-06-26,4652,4660,4612,4642,-6,-0.13,21203,491909600,16321
2025-06-25,4644,4664,4632,4660,-76,-1.6,22150,514766000,15839
2025-06-24,4848,4866,4554,4642,-202,-4.17,28537,675756160,15839
2025-06-23,4828,4902,4804,4874,2,0.04,22548,546112560,15669
2025-06-20,4854,4938,4824,4848,56,1.17,22537,549001328,16471
2025-06-19,4804,4844,4722,4842,66,1.38,24932,597370720,16135
2025-06-18,4706,4824,4682,4794,134,2.88,29623,707397248,14710
2025-06-17,4658,4686,4612,4676,-26,-0.55,22364,521081200,13376
2025-06-16,4750,4750,4666,4684,-48,-1.01,34067,800915168,14195
2025-06-13,4556,4828,4550,4710,142,3.11,50122,1185886528,12736
2025-06-12,4590,4618,4528,4564,22,0.48,23088,527329920,11643
2025-06-11,4546,4590,4510,4556,0,0.0,19606,445252256,10663
2025-06-10,4556,4618,4514,4546,-10,-0.22,18444,420154320,10883
2025-06-09,4574,4598,4510,4530,-58,-1.26,13056,297415680,10283
2025-06-06,4588,4630,4542,4566,6,0.13,7026,161176440,10205
2025-06-05,4566,4584,4508,4562,-30,-0.65,7441,169654800,9804
2025-06-04,4570,4632,4546,4592,-14,-0.3,5283,121297680,9401
2025-06-03,4706,4706,4552,4552,-72,-1.56,3281,75561430,9319
2025-05-30,4638,4644,4578,4606,-84,-1.79,82,1895840,8990
2025-05-29,4620,4718,4606,4690,78,1.69,64,1500800,8974
2025-05-28,4628,4628,4576,4576,-26,-0.56,21,484260,8953
2025-05-27,4606,4638,4570,4638,-16,-0.34,94,2162940,8963
2025-05-26,4628,4686,4612,4632,-8,-0.17,97,2257190,8956
2025-05-23,4652,4664,4622,4626,-26,-0.56,61,1415200,8906
2025-05-22,4692,4692,4636,4644,-50,-1.07,95,2209700,8887
2025-05-21,4662,4740,4652,4714,50,1.07,221,5186870,8927
2025-05-20,4702,4702,4636,4642,-90,-1.9,25,583000,8907
2025-05-19,4722,4756,4676,4690,-26,-0.55,69,1632540,8911
2025-05-16,4746,4762,4690,4690,-60,-1.26,71,1674180,8897
2025-05-15,4792,4798,4708,4734,-34,-0.71,75,1781250,8872
2025-05-14,4752,4814,4728,4790,100,2.13,201,4791840,8889
2025-05-13,4694,4720,4642,4702,134,2.93,63,1477350,8892
2025-05-12,4542,4666,4510,4660,144,3.19,183,4179720,8876
2025-05-09,4514,4554,4514,4554,62,1.38,675,15241500,8754
2025-05-08,4468,4522,4446,4522,68,1.53,87,1954020,8104
2025-05-07,4398,4500,4398,4468,102,2.34,68,1514360,8117
2025-05-06,4352,4386,4346,4370,-52,-1.18,5,109150,8094
2025-04-30,4428,4454,4396,4416,-52,-1.16,36,795960,8092
2025-04-29,4464,4480,4460,4460,-14,-0.31,14,312760,8089
2025-04-28,4388,4512,4388,4470,52,1.18,69,1543530,8082
2025-04-25,4386,4456,4386,4416,30,0.68,105,2319450,8104
2025-04-24,4398,4398,4380,4380,-38,-0.86,6,131580,8052
