时间,开盘,最高,最低,收盘,涨跌,涨跌幅,成交量,成交额,持仓量
2025-07-23,5533,5543,5402,5406,-65,-1.19,56,1538905,555
2025-07-22,5439,5554,5426,5554,173,3.22,56,1532020,563
2025-07-21,5290,5418,5290,5395,132,2.51,62,1668395,564
2025-07-18,5287,5287,5248,5248,10,0.19,4,105265,564
2025-07-17,5236,5259,5228,5259,16,0.31,29,759640,566
2025-07-16,5245,5256,5232,5235,-48,-0.91,25,655385,555
2025-07-15,5293,5304,5253,5267,-18,-0.34,14,369830,567
2025-07-14,5270,5299,5253,5299,-5,-0.09,29,766415,571
2025-07-11,5319,5327,5257,5262,-25,-0.47,77,2042355,586
2025-07-10,5235,5315,5230,5308,95,1.82,107,2828605,604
2025-07-09,5198,5237,5194,5234,57,1.1,18,469245,677
2025-07-08,5181,5184,5159,5180,11,0.21,11,284740,684
2025-07-07,5186,5186,5161,5169,-23,-0.44,27,697835,684
2025-07-04,5162,5205,5162,5189,20,0.39,42,1090405,683
2025-07-03,5173,5180,5150,5173,46,0.9,16,413590,650
2025-07-02,5080,5173,5080,5169,91,1.79,63,1615270,640
2025-07-01,5100,5102,5048,5073,-56,-1.09,391,9928960,642
2025-06-30,5138,5164,5108,5112,-2,-0.04,57,1461805,372
2025-06-27,5072,5136,5072,5114,69,1.37,85,2173800,361
2025-06-26,5072,5072,5042,5063,15,0.3,93,2346045,397
2025-06-25,5048,5071,5041,5071,30,0.6,19,479625,412
2025-06-24,5083,5096,5013,5040,-79,-1.54,150,3781005,411
2025-06-23,5124,5139,5088,5088,-38,-0.74,26,665470,414
2025-06-20,5125,5142,5101,5111,18,0.35,39,999660,416
2025-06-19,5112,5129,5080,5107,17,0.33,58,1477095,410
2025-06-18,5044,5100,5041,5099,59,1.17,89,2265170,423
2025-06-17,5032,5048,5032,5036,-2,-0.04,14,352865,393
2025-06-16,5027,5058,5008,5058,5,0.1,125,3149180,394
2025-06-13,4993,5078,4988,5061,31,0.62,55,1389745,383
2025-06-12,5026,5046,5014,5029,-4,-0.08,20,503040,394
2025-06-11,5016,5049,5016,5045,38,0.76,19,478190,394
2025-06-10,5009,5036,4983,5005,-8,-0.16,43,1076540,379
2025-06-09,5002,5022,5001,5018,37,0.74,36,902355,381
2025-06-06,4956,5007,4956,4989,41,0.83,29,722365,371
2025-06-05,4960,4974,4922,4956,-2,-0.04,34,841315,379
2025-06-04,4892,5012,4892,4998,96,1.96,70,1735355,379
2025-06-03,4920,4942,4886,4905,-36,-0.73,61,1495190,360
2025-05-30,4939,4992,4910,4938,-10,-0.2,173,4274320,350
2025-05-29,4961,4968,4919,4953,-47,-0.94,146,3612650,341
2025-05-28,5012,5015,4980,4995,-36,-0.72,48,1200015,325
2025-05-27,5051,5062,5010,5027,-75,-1.47,79,1987545,314
2025-05-26,5099,5118,5086,5092,-28,-0.55,26,663320,322
2025-05-23,5156,5166,5090,5094,-91,-1.76,106,2714005,332
2025-05-22,5194,5213,5153,5155,-44,-0.85,108,2800355,331
2025-05-21,5200,5214,5175,5210,18,0.35,84,2183595,322
2025-05-20,5184,5207,5181,5186,-20,-0.38,66,1713495,304
2025-05-19,5197,5240,5192,5196,-16,-0.31,106,2759565,324
2025-05-16,5261,5261,5167,5175,-82,-1.56,153,3987395,317
2025-05-15,5242,5291,5222,5267,96,1.86,301,7912060,321
2025-05-14,5088,5234,5080,5234,143,2.81,191,4938395,230
2025-05-13,5108,5117,5057,5090,42,0.83,100,2545815,166
2025-05-12,5049,5088,5002,5067,4,0.08,93,2347700,153
2025-05-09,5081,5086,5049,5049,-45,-0.88,85,2151825,134
2025-05-08,5108,5108,5079,5099,-55,-1.07,54,1375635,114
2025-05-07,5150,5188,5116,5126,-21,-0.41,102,2628580,104
2025-05-06,5199,5207,5120,5126,-55,-1.06,43,1106720,87
2025-04-30,5176,5207,5148,5190,-5,-0.1,28,725470,80
2025-04-29,5226,5226,5121,5193,-42,-0.8,23,597445,81
2025-04-28,5238,5248,5223,5235,6,0.11,43,1125630,79
2025-04-25,5231,5243,5218,5218,-9,-0.17,16,418325,69
2025-04-24,5247,5247,5212,5212,-25,-0.48,26,679545,65
