报告日,经营活动产生的现金流量,销售商品、提供劳务收到的现金,客户存款和同业存放款项净增加额,向中央银行借款净增加额,向其他金融机构拆入资金净增加额,收到原保险合同保费取得的现金,收到再保险业务现金净额,保户储金及投资款净增加额,处置交易性金融资产净增加额,收取利息、手续费及佣金的现金,拆入资金净增加额,回购业务资金净增加额,收到的税费返还,收到的其他与经营活动有关的现金,经营活动现金流入小计,购买商品、接受劳务支付的现金,客户贷款及垫款净增加额,存放中央银行和同业款项净增加额,支付原保险合同赔付款项的现金,支付利息、手续费及佣金的现金,支付保单红利的现金,支付给职工以及为职工支付的现金,支付的各项税费,支付的其他与经营活动有关的现金,经营活动现金流出小计,经营活动产生的现金流量净额,投资活动产生的现金流量,收回投资所收到的现金,取得投资收益收到的现金,处置固定资产、无形资产和其他长期资产所收回的现金净额,处置子公司及其他营业单位收到的现金净额,收到的其他与投资活动有关的现金,减少质押和定期存款所收到的现金,处置可供出售金融资产净增加额,投资活动现金流入小计,购建固定资产、无形资产和其他长期资产所支付的现金,投资所支付的现金,质押贷款净增加额,取得子公司及其他营业单位支付的现金净额,增加质押和定期存款所支付的现金,支付的其他与投资活动有关的现金,投资活动现金流出小计,投资活动产生的现金流量净额,筹资活动产生的现金流量,吸收投资收到的现金,子公司吸收少数股东投资收到的现金,取得借款收到的现金,发行债券收到的现金,收到其他与筹资活动有关的现金,筹资活动现金流入小计,偿还债务支付的现金,分配股利、利润或偿付利息所支付的现金,子公司支付给少数股东的股利、利润,支付其他与筹资活动有关的现金,筹资活动现金流出小计,筹资活动产生的现金流量净额,汇率变动对现金及现金等价物的影响,现金及现金等价物净增加额,期初现金及现金等价物余额,现金的期末余额,现金的期初余额,现金等价物的期末余额,现金等价物的期初余额,期末现金及现金等价物余额,数据源,是否审计,公告日期,币种,类型,更新日期
20250331,,5402655219.78,,,,,,,,,,,85759818.79,73980147.7,5562395186.27,2429176242.16,,,,,,742496819.44,452131631.16,1044540917.24,4668345610.0,894049576.27,,,3654154.03,5832016.55,,,,,9486170.58,267756440.98,,,,,327528077.55,595284518.53,-585798347.95,,125000.0,125000.0,205899010.0,,,206024010.0,315000000.0,5490904.36,,3954025.07,324444929.43,-118420919.43,25496111.27,215326420.16,5186737600.34,,,,,5402064020.5,定期报告,未审计,20250426,CNY,合并期末,2025-04-25T21:00:07
20241231,,15443669869.13,,,,,,,,,,,522087840.3,279950371.69,16245708081.12,8800022387.98,,,,,,2432235628.02,685036623.72,3476166030.62,15393460670.34,852247410.78,,,13950577.32,1029265.11,,50000000.0,,,64979842.43,708602502.94,54500000.0,,,,64760999.66,827863502.6,-762883660.17,,187966757.0,,1638722400.0,,,1826689157.0,1270000000.0,212844999.37,,322710697.49,1805555696.86,21133460.14,-18883794.52,91613416.23,5095124184.11,5186737600.34,5095124184.11,,,5186737600.34,定期报告,是,20250426,CNY,合并期末,2025-04-25T21:00:07
20240930,,11172044245.15,,,,,,,,,,,336066797.41,172751865.08,11680862907.64,6045987663.02,,,,,,1857479684.58,414475447.6,3258543661.78,11576486456.98,104376450.66,,,14052779.12,2148668.51,,1775000000.0,,,1791201447.63,702901933.01,54500000.0,,,,2104688811.75,2862090744.76,-1070889297.13,,27478060.46,,1455000000.0,,,1482478060.46,1270000000.0,183534571.22,,329422821.62,1782957392.84,-300479332.38,-1066146.23,-1268058325.08,5095124184.11,,,,,3827065859.03,定期报告,未审计,20241030,CNY,合并期末,2024-10-29T17:55:05
20240630,,7228134396.46,,,,,,,,,,,184391458.11,136141648.38,7548667502.95,3649889996.98,,,,,,1306728668.09,304293894.67,2040079030.21,7300991589.95,247675913.0,,,8723601.18,422495.73,,1085000000.0,,,1094146096.91,479798454.69,22000000.0,,,,1773593114.01,2275391568.7,-1181245471.79,,,,1055000000.0,,,1055000000.0,1060000000.0,178269061.66,,326170319.61,1564439381.27,-509439381.27,-17398919.84,-1460407859.9,5095124184.11,3634716324.21,5095124184.11,,,3634716324.21,定期报告,未审计,20240831,CNY,合并期末,2024-08-30T19:50:11
20240331,,3734295780.84,,,,,,,,,,,59773621.09,50291984.39,3844361386.32,2018562968.62,,,,,,709002450.82,201521281.91,834368857.85,3763455559.2,80905827.12,,,2323667.1,1551523.37,,340000000.0,,,343875190.47,305059732.79,20000000.0,,,,737003804.0,1062063536.79,-718188346.32,,,,815000000.0,,,815000000.0,420000000.0,4319280.02,,,424319280.02,390680719.98,-19626812.68,-266228611.9,5095124184.11,,,,,4828895572.21,定期报告,未审计,20250426,CNY,合并期末,2024-04-26T21:25:05
20231231,,15703584508.37,,,,,,,,,,,483681608.08,230412625.41,16417678741.86,8257634406.11,,,,,,2288735976.64,617788732.68,4162202565.8,15326361681.23,1091317060.63,,,25390321.32,670806.35,,1450000000.0,,,1476061127.67,900894130.24,40000000.0,,,,67981092.97,1008875223.21,467185904.46,,176578644.0,,1360000000.0,,,1536578644.0,1230000000.0,543223806.61,,284751942.6,2057975749.21,-521397105.21,66690875.15,1103796735.03,3991327449.08,5095124184.11,3991327449.08,,,5095124184.11,定期报告,是,20250426,CNY,合并期末,2024-04-26T21:25:05
20230930,,12854361212.03,,,,,,,,,,,217070422.31,117769836.94,13189201471.28,7529205939.45,,,,,,1632051744.08,372568800.36,3269521333.51,12803347817.4,385853653.88,,,18983913.57,11152793.08,,2170000000.0,,,2200136706.65,890593802.41,40000000.0,,,,1077140869.89,2007734672.3,192402034.35,,176578644.0,,1120000000.0,,,1296578644.0,930000000.0,527229799.74,,170942358.3,1628172158.04,-331593514.04,27569812.12,274231986.31,3991327449.08,,,,,4265559435.39,定期报告,未审计,20241030,CNY,合并期末,2023-10-27T19:55:03
20230630,,8069265289.8,,,,,,,,,,,131210997.48,67610881.11,8268087168.39,4291731432.0,,,,,,1078086032.14,233050929.43,2181647514.71,7784515908.28,483571260.11,,,11751237.77,3231127.61,,1910000000.0,,,1924982365.38,662777957.55,30000000.0,,,,1057328446.79,1750106404.34,174875961.04,,176578644.0,,810000000.0,,,986578644.0,530000000.0,524383342.15,,99470240.17,1153853582.32,-167274938.32,51373800.39,542546083.22,3991327449.08,4533873532.3,3991327449.08,,,4533873532.3,定期报告,未审计,20240831,CNY,合并期末,2023-08-25T18:10:05
20230331,,3928651532.65,,,,,,,,,,,71598040.62,21741878.12,4021991451.39,2284420788.11,,,,,,611854792.79,226982837.88,881975444.14,4005233862.92,16757588.47,,,6303048.73,1138866.81,,840000000.0,,,847441915.54,524406841.6,30000000.0,,,,686585323.0,1240992164.6,-393550249.06,,,,810000000.0,,,810000000.0,40000000.0,2570730.84,,86415533.13,128986263.97,681013736.03,-22601211.77,281619863.67,3991327449.08,,,,,4272947312.75,定期报告,未审计,20240427,CNY,合并期末,2023-04-28T21:55:03
20221231,,15326511052.95,,,,,,,,,,,362161546.64,143802023.03,15832474622.62,7613410612.98,,,,,,1931922683.81,1048154098.67,3511654357.96,14105141753.42,1727332869.2,,197270.18,50964586.63,801867.66,,830000000.0,,,881963724.47,676697284.23,,,,,1501977690.41,2178674974.64,-1296711250.17,,69923568.0,,880000000.0,,,949923568.0,380000000.0,642605169.75,,78384206.37,1100989376.12,-151065808.12,135189302.47,414745113.38,3576582335.7,3991327449.08,3576582335.7,,,3991327449.08,定期报告,是,20240427,CNY,合并期末,2023-04-28T21:55:03
20220930,,10995937484.13,,,,,,,,,,,200024565.78,64980816.22,11260942866.13,6103062934.58,,,,,,1444494425.15,728167250.01,2636637192.43,10912361802.17,348581063.96,,197270.18,1646181.55,3228376.27,,830000000.0,,,835071828.0,386351967.97,,,,,1922710000.0,2309061967.97,-1473990139.97,,71086576.0,,680000000.0,,,751086576.0,40000000.0,632640533.99,,22113304.2,694753838.19,56332737.81,81649780.39,-987426557.81,3576582335.7,,,,,2589155777.89,定期报告,未审计,20231028,CNY,合并期末,2022-10-28T17:40:06
