时间,开盘,最高,最低,收盘,涨跌,涨跌幅,成交量,成交额,持仓量
2025-07-23,4800,4832,4764,4780,16,0.34,289328,6932298880,479044
2025-07-22,4760,4790,4732,4784,44,0.93,279335,6653759744,471785
2025-07-21,4706,4774,4704,4764,78,1.66,233156,5525797120,472425
2025-07-18,4660,4738,4650,4692,46,0.99,285349,6685726976,473903
2025-07-17,4634,4666,4630,4648,-14,-0.3,133568,3102784640,476579
2025-07-16,4664,4672,4652,4656,-12,-0.26,118687,2766593968,453694
2025-07-15,4712,4718,4636,4656,-36,-0.77,165345,3859152304,455668
2025-07-14,4668,4722,4666,4700,16,0.34,119923,2813393584,437573
2025-07-11,4724,4732,4658,4662,-50,-1.06,198785,4655544832,434772
2025-07-10,4682,4748,4674,4730,52,1.11,189456,4463583488,427393
2025-07-09,4670,4694,4658,4690,32,0.69,161360,3774210400,426152
2025-07-08,4654,4678,4632,4652,20,0.43,148623,3461429664,420794
2025-07-07,4650,4652,4608,4640,-24,-0.51,169785,3932220608,411572
2025-07-04,4670,4698,4638,4650,-28,-0.6,148591,3465142128,399821
2025-07-03,4690,4710,4648,4662,0,0.0,187708,4390490112,403848
2025-07-02,4678,4692,4640,4680,16,0.34,181825,4238340752,409872
2025-07-01,4668,4702,4632,4674,24,0.52,287541,6705456128,398269
2025-06-30,4616,4680,4606,4654,60,1.31,202545,4709171200,388849
2025-06-27,4582,4614,4572,4606,18,0.39,94848,2178658560,400961
2025-06-26,4600,4614,4566,4596,-6,-0.13,178361,4091601344,404655
2025-06-25,4586,4618,4586,4612,-20,-0.43,141181,3248574816,401524
2025-06-24,4796,4814,4510,4586,-212,-4.42,266138,6165120000,408942
2025-06-23,4788,4856,4750,4818,8,0.17,198766,4768396288,399350
2025-06-20,4788,4868,4764,4798,56,1.18,228588,5497541376,388509
2025-06-19,4758,4782,4704,4782,68,1.44,222730,5280928256,389413
2025-06-18,4648,4764,4622,4746,126,2.73,297773,7018509568,371603
2025-06-17,4628,4650,4582,4618,-52,-1.11,226133,5223672320,358306
2025-06-16,4704,4710,4636,4654,-36,-0.77,175628,4100913808,344853
2025-06-13,4520,4810,4518,4676,140,3.09,306155,7179334656,331166
2025-06-12,4550,4584,4500,4532,22,0.49,128370,2911431600,344235
2025-06-11,4512,4550,4480,4518,-2,-0.04,153005,3450262752,354779
2025-06-10,4508,4572,4470,4508,-2,-0.04,162527,3673110208,361355
2025-06-09,4526,4546,4468,4492,-36,-0.8,128076,2888113808,373412
2025-06-06,4524,4564,4490,4516,28,0.62,103754,2348990560,373303
2025-06-05,4516,4524,4456,4506,-16,-0.35,132748,2978865120,375620
2025-06-04,4510,4556,4480,4532,-26,-0.57,122016,2758781760,371278
2025-06-03,4562,4622,4488,4492,-32,-0.71,169411,3860876688,370540
2025-05-30,4580,4588,4486,4514,-80,-1.74,165118,3734969168,401284
2025-05-29,4546,4644,4502,4616,74,1.63,232717,5345509376,407554
2025-05-28,4572,4590,4508,4524,-28,-0.62,107767,2447388576,389486
2025-05-27,4584,4586,4520,4578,-10,-0.22,102658,2336496080,389217
2025-05-26,4552,4630,4542,4578,-12,-0.26,195448,4483577088,391218
2025-05-23,4556,4616,4556,4568,-38,-0.83,103832,2382944400,391084
2025-05-22,4666,4666,4564,4570,-68,-1.47,138993,3201008784,390541
2025-05-21,4620,4686,4604,4656,24,0.52,156502,3629281376,378306
2025-05-20,4658,4672,4600,4628,-62,-1.32,202811,4697102848,366227
2025-05-19,4690,4726,4628,4660,-50,-1.06,173427,4066863152,330636
2025-05-16,4716,4738,4678,4688,-46,-0.97,96577,2274388352,302476
2025-05-15,4762,4782,4684,4704,-30,-0.63,140570,3327291904,295912
2025-05-14,4680,4786,4662,4776,122,2.62,251968,5964082688,285597
2025-05-13,4704,4704,4610,4654,100,2.2,185027,4305578240,266562
2025-05-12,4522,4650,4480,4642,136,3.02,290436,6613227776,254613
2025-05-09,4494,4526,4476,4510,38,0.85,124185,2797888048,268654
2025-05-08,4448,4506,4424,4482,30,0.67,175709,3928853248,257480
2025-05-07,4388,4502,4382,4464,102,2.34,136362,3035418128,234838
2025-05-06,4400,4404,4332,4366,-72,-1.62,56498,1232221376,204075
2025-04-30,4430,4470,4408,4438,-18,-0.4,57367,1272973728,202531
2025-04-29,4474,4492,4418,4444,-22,-0.49,45522,1014230160,198119
2025-04-28,4394,4528,4386,4486,72,1.63,124793,2786627696,198744
2025-04-25,4418,4450,4390,4416,26,0.59,97510,2152045696,198466
2025-04-24,4412,4420,4352,4408,34,0.78,35443,777973856,181911
