报告日,营业总收入,营业收入,利息收入,已赚保费,手续费及佣金收入,房地产销售收入,其他业务收入,营业总成本,营业成本,手续费及佣金支出,房地产销售成本,退保金,赔付支出净额,提取保险合同准备金净额,保单红利支出,分保费用,其他业务成本,营业税金及附加,研发费用,销售费用,管理费用,财务费用,利息费用,利息支出,投资收益,对联营企业和合营企业的投资收益,以摊余成本计量的金融资产终止确认产生的收益,汇兑收益,净敞口套期收益,公允价值变动收益,期货损益,托管收益,补贴收入,其他收益,资产减值损失,信用减值损失,其他业务利润,资产处置收益,营业利润,营业外收入,非流动资产处置利得,营业外支出,非流动资产处置损失,利润总额,所得税费用,未确认投资损失,净利润,持续经营净利润,终止经营净利润,归属于母公司所有者的净利润,被合并方在合并前实现净利润,少数股东损益,其他综合收益,归属于母公司所有者的其他综合收益,（一）以后不能重分类进损益的其他综合收益,重新计量设定受益计划变动额,权益法下不能转损益的其他综合收益,其他权益工具投资公允价值变动,企业自身信用风险公允价值变动,（二）以后将重分类进损益的其他综合收益,权益法下可转损益的其他综合收益,可供出售金融资产公允价值变动损益,其他债权投资公允价值变动,金融资产重分类计入其他综合收益的金额,其他债权投资信用减值准备,持有至到期投资重分类为可供出售金融资产损益,现金流量套期储备,现金流量套期损益的有效部分,外币财务报表折算差额,其他,归属于少数股东的其他综合收益,综合收益总额,归属于母公司所有者的综合收益总额,归属于少数股东的综合收益总额,基本每股收益,稀释每股收益,数据源,是否审计,公告日期,币种,类型,更新日期
20250331,3427990011.0,3427990011.0,,,,,,3120257615.0,1869075581.0,,,,,,,,,16888776.0,266496766.0,951477197.0,90088178.0,-73768883.0,4212259.0,,25816066.0,,,,,1424690.0,,,,4172684.0,,-1231719.0,,256150.0,315464531.0,1467719.0,,574730.0,,316357520.0,48890404.0,,267467116.0,267467116.0,,267487451.0,,-20335.0,2269020.0,2269020.0,,,,,,2269020.0,,,,,,,,,2269020.0,,,269736136.0,269756471.0,-20335.0,1.46,1.45,定期报告,未审计,20250430,CNY,合并期末,2025-04-29T16:56:08
20241231,11944707206.0,11944707206.0,,,,,,10158220222.0,5955685558.0,,,,,,,,,79899833.0,971438814.0,2967201365.0,345649184.0,-161654532.0,10323033.0,,151026896.0,69789.0,,,,44826880.0,,,,193240456.0,,10876557.0,,-959487.0,2090295273.0,11713386.0,,4461884.0,,2097546775.0,121002673.0,,1976544102.0,1976544102.0,,1976563235.0,,-19133.0,12355154.0,12355154.0,,,,,,12355154.0,,,,,,,,,12355154.0,,,1988899256.0,1988918389.0,-19133.0,10.77,10.71,定期报告,是,20250404,CNY,合并期末,2025-04-03T18:22:03
20240930,7006608107.0,7006608107.0,,,,,,5614332900.0,3232675734.0,,,,,,,,,60109171.0,640188421.0,1563515910.0,233212537.0,-115368873.0,8436015.0,,134800490.0,,,,,-17280532.0,,,,53505797.0,,15548695.0,,-392481.0,1490401973.0,9847338.0,,3035430.0,,1497213881.0,25014061.0,,1472199820.0,1472199820.0,,1472198842.0,,978.0,-5088750.0,-5088750.0,,,,,,-5088750.0,,,,,,,,,-5088750.0,,,1467111070.0,1467110092.0,978.0,8.03,7.9,定期报告,未审计,20241031,CNY,合并期末,2024-10-30T18:02:04
20240630,4416011414.0,4416011414.0,,,,,,3407285170.0,2039700913.0,,,,,,,,,40297542.0,409604172.0,885365935.0,134898664.0,-102582056.0,6832622.0,,105978640.0,10192.0,,,,-16593773.0,,,,51486414.0,,16447941.0,,-52907.0,1101900445.0,7330627.0,,2560763.0,,1106670309.0,-14087713.0,,1120758022.0,1120758022.0,,1120757408.0,,614.0,6134867.0,6134867.0,,,,,,6134867.0,,,,,,,,,6134867.0,,,1126892889.0,1126892275.0,614.0,6.12,6.03,定期报告,未审计,20240830,CNY,合并期末,2024-08-29T17:42:03
20240331,1840829247.0,1840829247.0,,,,,,1427038729.0,829537459.0,,,,,,,,,12429874.0,194659067.0,353379093.0,50870103.0,-13836867.0,1350050.0,,73531069.0,,,,,-27383441.0,,,,39097599.0,,8975584.0,,-19711.0,452971138.0,3444885.0,,2119202.0,,454296821.0,55539972.0,,398756849.0,398756849.0,,398756539.0,,310.0,4359075.0,4359075.0,,,,,,4359075.0,,,,,,,,,4359075.0,,,403115924.0,403115614.0,310.0,2.18,2.16,定期报告,未审计,20250430,CNY,合并期末,2024-04-26T16:27:03
20231231,8653783788.0,8653783788.0,,,,,,6465820596.0,3986976060.0,,,,,,,,,74604574.0,619025675.0,1712828332.0,210980985.0,-138595030.0,9498291.0,,62465357.0,-307655.0,,,,114310447.0,,,,121338276.0,,-21756130.0,,934231.0,2317208187.0,2696890.0,,121888.0,,2319783189.0,268578490.0,,2051204699.0,2051204699.0,,2051217414.0,,-12715.0,-799712.0,-799712.0,,,,,,-799712.0,,,,,,,,,-799712.0,,,2050404987.0,2050417702.0,-12715.0,11.19,11.13,定期报告,是,20250404,CNY,合并期末,2024-03-28T18:07:09
20230930,5688620887.0,5688620887.0,,,,,,4273685722.0,2646339078.0,,,,,,,,,48254027.0,448080208.0,1070542547.0,171327711.0,-110857849.0,3426575.0,,31372325.0,,,,,87404577.0,,,,71809090.0,,142033.0,,769936.0,1506163913.0,2230865.0,,107888.0,,1508286890.0,147933248.0,,1360353642.0,1360353642.0,,1360366664.0,,-13022.0,8445686.0,8445686.0,,,,,,8445686.0,,,,,,,,,8445686.0,,,1368799328.0,1368812350.0,-13022.0,7.41,7.39,定期报告,未审计,20241031,CNY,合并期末,2023-10-27T17:57:04
20230630,3373652877.0,3373652877.0,,,,,,2664107635.0,1689488269.0,,,,,,,,,29024090.0,286587159.0,633357083.0,110256741.0,-84605707.0,2118684.0,,17627102.0,,,,,70776735.0,,,,38682779.0,,653960.0,,576107.0,777285606.0,1045320.0,,41000.0,,778289926.0,38884593.0,,739405333.0,739405333.0,,739420226.0,,-14893.0,1660092.0,1660092.0,,,,,,1660092.0,,,,,,,,,1660092.0,,,741065425.0,741080318.0,-14893.0,4.04,4.01,定期报告,未审计,20240830,CNY,合并期末,2024-08-29T17:42:03
20230331,1160048490.0,1160048490.0,,,,,,998651089.0,581789197.0,,,,,,,,,12170870.0,131833250.0,242829295.0,51388654.0,-21360177.0,1009624.0,,19087063.0,,,,,29454486.0,,,,23249536.0,,1213507.0,,,231659142.0,89249.0,,231.0,,231748160.0,27491544.0,,204256616.0,204256616.0,,204254781.0,,1835.0,-618352.0,-618352.0,,,,,,-618352.0,,,,,,,,,-618352.0,,,203638264.0,203636429.0,1835.0,1.56,1.55,定期报告,未审计,20240427,CNY,合并期末,2024-04-26T16:27:03
20221231,6628716402.0,6628716402.0,,,,,,5239075955.0,3363263114.0,,,,,,,,,33408132.0,488612453.0,1318329601.0,141210551.0,-105747896.0,1579299.0,,32835283.0,-227978.0,,,,-63795781.0,,,,61318407.0,,-3619045.0,,-5923526.0,1344389145.0,5649784.0,,833178.0,,1349205751.0,165738356.0,,1183467395.0,1183467395.0,,1183476942.0,,-9547.0,17724774.0,17724774.0,,,,,,17724774.0,,,,,,,,,17724774.0,,,1201192169.0,1201201716.0,-9547.0,9.04,9.01,定期报告,是,20240329,CNY,合并期末,2023-04-26T17:22:12
20220930,4392492857.0,4392492857.0,,,,,,3418793512.0,2261142035.0,,,,,,,,,17137183.0,344748185.0,788312503.0,100580923.0,-93127317.0,557106.0,,78046841.0,,,,,-93466701.0,,,,21823572.0,,813507.0,,-3654692.0,946875539.0,103712.0,,560788.0,,946418463.0,91390953.0,,855027510.0,855027510.0,,855021541.0,,5969.0,11466821.0,11466821.0,,,,,,11466821.0,,,,,,,,,11466821.0,,,866494331.0,866488362.0,5969.0,6.53,6.49,定期报告,未审计,20231028,CNY,合并期末,2022-10-30T15:57:05
