```csv
日期,今开,最高,最低,最新价
2025-07-23,8.429,8.4308,8.3995,8.4068
2025-07-22,8.3859,8.4306,8.3736,8.4268
2025-07-21,8.3522,8.4005,8.3392,8.3869
2025-07-18,8.3308,8.3741,8.3278,8.3491
2025-07-17,8.3564,8.3592,8.3096,8.3327
2025-07-16,8.333,8.4015,8.3126,8.3581
2025-07-15,8.3672,8.3905,8.331,8.3346
2025-07-14,8.3705,8.3888,8.3574,8.3664
2025-07-11,8.3978,8.4033,8.3682,8.387
2025-07-10,8.418,8.4354,8.3777,8.399
2025-07-09,8.4171,8.4246,8.4024,8.4211
2025-07-08,8.4056,8.4349,8.3947,8.4199
2025-07-07,8.444,8.4461,8.3919,8.4061
2025-07-04,8.4307,8.443,8.4257,8.4396
2025-07-03,8.4504,8.4571,8.4031,8.4301
2025-07-02,8.453,8.4589,8.4216,8.4498
2025-07-01,8.4365,8.4621,8.4139,8.4541
2025-06-30,8.4105,8.4375,8.3837,8.4375
2025-06-27,8.3815,8.4226,8.3686,8.406
2025-06-26,8.3622,8.4119,8.3598,8.3822
2025-06-25,8.3206,8.3662,8.3136,8.3624
2025-06-24,8.3114,8.3412,8.3054,8.3171
2025-06-23,8.2368,8.3104,8.2355,8.3081
2025-06-20,8.2604,8.2865,8.2552,8.2714
2025-06-19,8.2588,8.2636,8.236,8.2629
2025-06-18,8.2565,8.2902,8.2475,8.2623
2025-06-17,8.3056,8.3141,8.2542,8.2573
2025-06-16,8.2915,8.3381,8.2822,8.3049
2025-06-13,8.307,8.3301,8.2601,8.3048
2025-06-12,8.2686,8.3414,8.2658,8.3106
2025-06-11,8.2139,8.274,8.1975,8.2705
2025-06-10,8.2046,8.2248,8.1797,8.2139
2025-06-09,8.1967,8.2175,8.1815,8.2029
2025-06-06,8.2139,8.2196,8.1768,8.1914
2025-06-05,8.1892,8.2364,8.1863,8.2121
2025-06-04,8.1774,8.2099,8.1702,8.1892
2025-06-03,8.2477,8.2533,8.1743,8.1774
2025-06-02,8.1767,8.2512,8.1751,8.2509
2025-05-30,8.1734,8.1868,8.1507,8.1777
2025-05-29,8.122,8.1815,8.0735,8.1712
2025-05-28,8.1468,8.1546,8.1167,8.1218
2025-05-27,8.1726,8.188,8.1448,8.1466
2025-05-26,8.1542,8.1843,8.1503,8.1723
2025-05-23,8.1276,8.1677,8.1204,8.1498
2025-05-22,8.1603,8.1693,8.1112,8.1267
2025-05-21,8.1417,8.1823,8.1392,8.162
2025-05-20,8.1101,8.1422,8.0983,8.1417
2025-05-19,8.0605,8.138,8.0546,8.1107
2025-05-16,8.0615,8.0769,8.0286,8.0487
2025-05-15,8.0588,8.0891,8.0488,8.0583
2025-05-14,8.0522,8.106,8.0476,8.0576
2025-05-13,7.9843,8.0567,7.973,8.0494
2025-05-12,8.0919,8.1229,7.9711,7.9827
2025-05-09,8.1323,8.1704,8.1192,8.1449
2025-05-08,8.1713,8.1974,8.1211,8.1331
2025-05-07,8.1985,8.217,8.152,8.1693
2025-05-06,8.1482,8.2037,8.1382,8.1987
2025-05-05,8.1564,8.1724,8.1416,8.1482
2025-05-02,8.2181,8.2255,8.1428,8.1501
2025-05-01,8.2373,8.2469,8.2046,8.2182
2025-04-30,8.2791,8.2839,8.2297,8.2367
2025-04-29,8.3208,8.3214,8.2691,8.2768
2025-04-28,8.2842,8.3218,8.2714,8.3206
2025-04-25,8.3019,8.3043,8.2448,8.283
2025-04-24,8.2464,8.3099,8.2456,8.3001
```

### 绘图说明

- **图表类型**：K线图（Candlestick Chart）
- **用途**：展示欧元兑离岸人民币汇率在2025年4月至7月间的每日波动情况，反映汇率变化趋势及其对4Paradigm海外业务的潜在影响。
- **X轴**：日期（2025年4月24日至2025年7月23日）
- **Y轴**：汇率值（EUR/CNH）
- **数据点说明**：
  - 每个K线显示当日的**开盘价（今开）**、**收盘价（最新价）**、**最高价**和**最低价**。
  - 实体部分表示开盘价与收盘价之间的区间，影线部分表示当日最高价与最低价之间的波动。
- **重点展示**：
  - 汇率的短期波动性（通过K线的实体和影线长度）
  - 汇率整体趋势（上升或下降）
  - 近期是否有剧烈波动或趋势性变化，用于评估汇率风险对公司海外业务的影响。
- **图表标题**：欧元兑离岸人民币汇率波动（2025年4月 - 2025年7月）
- **图例说明**：红色K线表示当日汇率下跌（收盘价 < 开盘价），绿色K线表示当日汇率上涨（收盘价 > 开盘价）