统计时间,全社会用电量,全社会用电量同比,各行业用电量合计,各行业用电量合计同比,第一产业用电量,第一产业用电量同比,第二产业用电量,第二产业用电量同比,第三产业用电量,第三产业用电量同比,城乡居民生活用电量合计,城乡居民生活用电量合计同比,城镇居民用电量,城镇居民用电量同比,乡村居民用电量,乡村居民用电量同比
2003.12,188912117.0,15.29,166531685.0,15.77,5958327.0,0.95,139485064.0,16.65,21088294.0,14.78,22380432.0,11.82,13573724.0,16.12,8806708.0,5.79
2004.10,175828690.0,15.17,156100929.0,16.03,4979893.0,1.89,131227030.0,16.78,19894006.0,15.12,19727761.0,8.83,12075538.0,8.74,7652223.0,8.99
2004.11,194584023.0,15.13,172937132.0,15.87,5479353.0,2.44,145542325.0,16.52,21915454.0,15.32,21646891.0,9.54,13238851.0,8.95,8408040.0,10.48
2004.3,48045510.0,15.7,42431023.0,16.41,1125688.0,-0.19,35783305.0,17.58,5522030.0,12.95,5614487.0,10.56,3426878.0,9.85,2187609.0,11.68
2004.9,157131146.0,14.92,139454527.0,15.71,4518047.0,1.9,117019516.0,16.44,17916964.0,16.01,17676619.0,9.05,10862461.0,8.58,6814158.0,9.8
2005.10,203245913.0,13.75,179642302.0,13.32,6247935.0,7.43,152109929.0,13.84,21284438.0,11.47,23603611.0,17.12,14607564.0,19.13,8996047.0,14.0
2005.11,218408100.0,13.19,192938800.0,12.7,6574500.0,6.97,163266600.0,13.15,23097700.0,11.31,25469300.0,16.99,15710800.0,19.06,9758500.0,13.81
2005.2,35718061.0,13.01,31361676.0,13.06,849037.0,4.73,26506972.0,13.65,4005667.0,11.11,4356385.0,12.65,2685506.0,12.98,1670879.0,12.12
2005.3,55056362.0,13.38,48328576.0,12.67,1317340.0,3.29,41065291.0,13.23,5945945.0,11.1,6727786.0,18.8,4154626.0,19.47,2553483.0,17.71
2005.4,74322965.0,13.46,65527134.0,12.79,1949243.0,2.88,55691775.0,13.34,7886116.0,11.56,8795831.0,18.75,5397487.0,18.55,3398344.0,19.08
2005.5,93957423.0,13.98,83080105.0,13.19,2649979.0,4.62,70811825.0,13.96,9618301.0,10.23,10877318.0,20.37,6622656.0,19.32,4254662.0,22.05
2005.6,114869850.0,13.91,101902948.0,13.28,3404484.0,5.82,86957731.0,14.17,11540733.0,9.13,12966902.0,19.11,7922926.0,19.54,5043976.0,18.44
2005.8,161138732.0,14.12,142408059.0,13.52,5010936.0,8.02,120747614.0,14.31,16649509.0,9.65,18730673.0,18.97,11558010.0,20.23,7172663.0,16.99
2005.9,182387900.0,13.95,161216200.0,15.61,5639400.0,8.09,136452600.0,14.19,19124200.0,11.07,21171600.0,16.74,,,,
2006.10,231832378.0,14.05,204714259.0,13.91,6917246.0,10.01,174262930.0,14.29,23534083.0,12.32,27118119.0,15.11,16298950.0,12.57,10819169.0,19.17
2006.11,256274909.0,14.15,226720870.0,14.09,7502372.0,9.71,193565474.0,14.61,25653024.0,11.59,29554039.0,14.58,17748457.0,12.25,11805582.0,18.25
2006.12,282480000.0,14.0,,,8320000.0,9.9,213540000.0,14.3,28220000.0,11.8,32400000.0,14.7,,,,
2006.2,42222700.0,11.7,36704000.0,10.87,954500.0,8.41,30929200.0,10.64,4820300.0,12.92,5518600.0,17.52,3425900.0,16.53,2092800.0,19.18
2006.3,62498690.0,11.81,54743713.0,11.42,1477797.0,11.0,46540433.0,11.31,6725483.0,12.3,7754977.0,14.63,4744547.0,12.3,3010430.0,18.5
2006.4,84665929.0,12.33,74579133.0,12.1,2157486.0,9.65,63716422.0,12.35,8705225.0,10.87,10086796.0,14.09,6111953.0,11.77,3974843.0,17.85
2006.5,107325198.0,12.54,94911451.0,12.36,2930502.0,8.62,81277886.0,12.71,10703063.0,10.79,12413747.0,13.91,7504017.0,11.76,4909730.0,17.37
2006.6,131112297.0,12.89,116317046.0,12.82,3817045.0,9.31,99548409.0,13.28,12951592.0,10.39,14795251.0,13.43,8910446.0,11.36,5884805.0,16.71
2006.7,157118595.0,13.26,139385225.0,13.23,4597724.0,6.61,119208341.0,13.84,15579160.0,10.7,17733370.0,13.52,10688197.0,11.42,7045173.0,16.87
2006.8,183870074.0,13.71,162786138.0,13.77,5548013.0,9.04,138864147.0,14.37,18373978.0,10.85,21083936.0,13.24,12720379.0,11.07,8363557.0,16.7
2006.9,207579799.0,13.7,183130817.0,13.49,6281521.0,9.86,155741581.0,13.88,21107715.0,11.78,24448982.0,15.31,14762462.0,13.01,9686520.0,18.99
2007.10,267267739.0,15.0,237300159.0,15.61,7248841.0,5.16,203647602.0,16.4,26403716.0,12.79,29967580.0,10.37,17847944.0,9.46,12119636.0,11.75
2007.11,295316555.0,14.94,262398279.0,15.46,7874164.0,5.92,225552180.0,16.21,28971935.0,12.56,32918276.0,10.96,19533200.0,9.83,13385078.0,12.64
2007.12,324580000.0,14.42,,,8600000.0,5.2,248470000.0,15.7,31670000.0,12.1,35840000.0,10.6,,,,
2007.2,46772715.0,16.75,41276092.0,18.26,993631.0,6.04,35290871.0,19.73,4991590.0,11.18,5496623.0,6.57,3373852.0,6.35,2122771.0,6.94
2007.3,71891244.0,14.92,63550919.0,15.77,1512134.0,3.5,54700806.0,16.86,7337979.0,10.77,8340325.0,8.85,5043993.0,7.81,3296332.0,10.47
2007.4,97666675.0,15.47,86566143.0,16.11,2231671.0,4.04,74624915.0,17.07,9709557.0,12.02,11100532.0,10.72,6664922.0,9.67,4435610.0,12.34
2007.5,124226708.0,15.83,110513315.0,16.52,3035925.0,2.8,95456036.0,17.57,12021354.0,12.34,13713393.0,10.52,8168285.0,9.5,5545108.0,12.07
2007.6,151495364.0,15.56,135082043.0,16.15,3930971.0,2.67,116638582.0,17.18,14512490.0,12.16,16413321.0,10.97,9744411.0,10.04,6668910.0,12.36
2007.7,181673647.0,15.68,162014935.0,16.3,4865096.0,6.19,139595351.0,17.13,17554488.0,12.91,19658712.0,10.86,11684387.0,9.86,7974325.0,12.36
2007.8,211818168.0,15.2,188502029.0,15.84,5838762.0,5.29,161964032.0,16.71,20699235.0,12.49,23316139.0,10.27,13910398.0,9.44,9405741.0,11.52
2007.9,239528748.0,15.12,212669770.0,15.85,6601096.0,5.4,182395884.0,16.77,23672790.0,12.15,26858978.0,9.63,16031224.0,8.62,10827754.0,11.17
2008.10,289684965.0,8.27,255502057.0,7.63,7485978.0,3.53,218681415.0,7.36,29334638.0,10.85,34182904.0,13.29,20239297.0,12.9,13943605.0,13.85
2008.11,315308897.0,6.67,278070991.0,5.9,8269716.0,3.41,237547382.0,5.35,32253893.0,10.86,37237906.0,12.75,21885434.0,11.69,15352472.0,14.3
2008.12,342680000.0,5.23,302340000.0,4.41,8790000.0,1.85,258630000.0,3.83,34930000.0,9.67,40350000.0,11.83,,,,
2008.2,52393818.0,11.93,45798104.0,11.25,1064133.0,3.75,38925195.0,11.15,5808776.0,13.38,6595714.0,16.93,4030262.0,17.26,2565452.0,16.42
2008.3,81339842.0,13.04,71221612.0,12.16,1648216.0,9.2,61069223.0,11.83,8504173.0,15.2,10118230.0,19.68,6140082.0,20.56,3978148.0,18.34
2008.4,109976481.0,12.71,96659336.0,11.82,2398230.0,8.11,83161591.0,11.61,11099515.0,14.24,13317145.0,19.67,8025126.0,20.61,5292019.0,18.28
2008.5,139561851.0,12.42,123270871.0,11.67,3200881.0,5.58,106421457.0,11.6,13648533.0,13.75,16290980.0,18.41,9744883.0,19.08,6546097.0,17.44
2008.6,169086289.0,11.67,149825415.0,11.08,4130176.0,4.95,129300096.0,11.13,16395143.0,12.28,19260874.0,16.51,11459845.0,18.9,7801029.0,15.94
2008.7,201261857.0,10.91,178684846.0,10.48,5078491.0,4.33,154094751.0,10.61,19511604.0,11.2,22577011.0,14.38,13406624.0,14.34,9170387.0,14.44
2008.8,233243378.0,10.19,206649291.0,9.8,6037254.0,3.09,177559814.0,9.9,23052223.0,10.97,26594087.0,13.28,15787793.0,12.91,10806294.0,13.82
2008.9,262699915.0,9.67,232089984.0,9.26,6808780.0,2.56,198891377.0,9.31,26389827.0,10.76,30609931.0,12.93,18160110.0,12.45,12449821.0,13.63
2009.10,297750357.0,2.79,259738697.0,1.66,8023131.0,7.19,219122084.0,0.21,32593482.0,11.06,38011660.0,11.19,22256808.0,9.94,15754852.0,13.01
2009.11,329907836.0,4.77,288240184.0,3.82,8698456.0,8.09,243787621.0,2.62,35754107.0,11.6,41667652.0,11.87,24368395.0,10.71,17299257.0,13.54
2009.12,364300000.0,5.96,318560000.0,5.14,9470000.0,7.86,269930000.0,4.15,39210000.0,12.11,45710000.0,11.87,,,,
2009.2,49721788.0,-5.22,42330754.0,-7.57,1124080.0,4.88,34931446.0,-10.19,6275228.0,7.66,7391034.0,10.91,4374458.0,7.71,3016576.0,15.89
2009.3,78099006.0,-4.02,66860073.0,-6.02,1746009.0,5.12,55908272.0,-8.21,9205792.0,7.41,11238933.0,9.88,6704764.0,7.91,4534169.0,12.94
2009.4,105588152.0,-4.03,91072735.0,-5.83,2512110.0,4.69,76455398.0,-8.12,12105227.0,9.04,14515417.0,9.1,8609271.0,7.46,5906146.0,11.57
2009.5,134441456.0,-3.66,116685545.0,-5.34,3388670.0,4.81,98496556.0,-7.39,14800319.0,8.21,17755911.0,9.1,10498843.0,7.8,7257068.0,11.04
2009.6,165258812.0,-2.24,144091490.0,-3.79,4348079.0,3.81,121705092.0,-5.73,18038319.0,9.42,21167322.0,9.87,12463996.0,8.68,8703326.0,11.62
2009.7,199466890.0,-0.89,174356911.0,-2.4,5341691.0,5.05,147432460.0,-4.26,21582760.0,10.37,25109979.0,10.99,14762581.0,9.87,10347398.0,12.63
2009.8,234092360.0,0.36,204389050.0,-1.06,6414439.0,6.29,172423000.0,-2.84,25551611.0,10.7,29703310.0,11.39,17459692.0,10.33,12243618.0,12.93
2009.9,266354637.0,1.4,232090085.0,0.04,7246264.0,6.35,195494111.0,-1.67,29349712.0,11.26,34264551.0,11.73,20111081.0,10.53,14153470.0,13.49
2010.1,35310000.0,40.14,,,700000.0,23.5,26240000.0,45.99,3980000.0,25.61,4400000.0,25.9,,,,
2010.10,348456967.0,,305349688.0,,8408435.0,,259259801.0,,37681452.0,,43107279.0,,25230660.0,,17876619.0,
2010.11,382981200.0,,335986208.0,,9145643.0,,285667299.0,,41173266.0,,46994992.0,,27401843.0,,19593149.0,
2010.12,419230000.0,14.56,,,9840000.0,4.68,313180000.0,15.41,44970000.0,14.02,51250000.0,12.02,,,,
2010.2,62635101.0,25.95,54204378.0,28.27,1249739.0,13.36,45537533.0,30.18,7417106.0,20.15,8430723.0,12.8,5042188.0,73.32,3388535.0,12.02
2010.3,96951254.0,24.19,84167100.0,25.72,1904808.0,9.77,71467019.0,27.57,10795273.0,17.47,12784154.0,14.96,7570088.0,14.57,5214066.0,15.54
2010.4,130754672.0,23.85,114061056.0,25.21,2721265.0,8.77,97179210.0,26.97,14160581.0,17.48,16693616.0,15.31,9859169.0,14.8,6834447.0,16.05
2010.5,165746154.0,23.31,145353920.0,24.57,3581450.0,7.12,124424944.0,26.26,17347526.0,17.24,20392234.0,15.01,12019593.0,14.72,8372641.0,15.44
2010.6,200940766.0,21.57,176918733.0,22.69,4511144.0,5.61,151551407.0,24.24,20856182.0,16.19,24022033.0,13.93,14088482.0,13.63,9933551.0,14.37
2010.7,239894884.0,20.25,211510249.0,21.28,5659965.0,6.13,180938304.0,22.69,24911980.0,15.39,28384635.0,13.07,16632704.0,12.77,11751931.0,13.5
2010.8,279487556.0,19.34,245940755.0,20.26,6781994.0,5.85,209581913.0,21.47,29576848.0,15.72,33546801.0,12.97,19674389.0,12.84,13872412.0,13.16
2010.9,314418791.0,18.05,275611010.0,,7663541.0,5.76,233968804.0,19.68,33978665.0,15.77,38807781.0,13.26,22791507.0,,16016274.0,
2011.10,389507778.0,11.87,342138247.0,12.12,8724274.0,4.38,290892113.0,12.16,42521860.0,13.62,47369531.0,10.1,27023253.0,7.42,20346278.0,13.89
2011.11,428350221.0,11.85,376678965.0,12.1,9446585.0,3.77,320650750.0,12.13,46581630.0,13.74,51671256.0,10.05,29453927.0,7.66,22217329.0,13.38
2011.12,469280000.0,11.74,,,10150000.0,3.92,351850000.0,11.88,50820000.0,13.49,56460000.0,10.84,,,,
2011.2,70247639.0,12.32,60534021.0,11.85,1288749.0,3.91,50728528.0,11.41,8516744.0,15.88,9713618.0,15.37,5676539.0,12.88,4037079.0,19.05
2011.3,109110712.0,13.41,94552923.0,13.79,1947585.0,2.47,80245412.0,14.03,12359926.0,14.08,14557789.0,10.85,8429430.0,8.46,6128359.0,14.17
2011.4,146746055.0,11.23,127886364.0,11.25,2785396.0,2.77,108947903.0,11.3,16153065.0,12.91,18859691.0,11.09,10837469.0,7.02,8022222.0,16.85
2011.5,185446727.0,10.79,162580114.0,11.01,3716906.0,8.07,139074416.0,10.61,19788792.0,15.23,22866613.0,8.96,13085225.0,4.79,9781388.0,14.8
2011.6,225150266.0,13.0,198192872.0,12.99,4748260.0,11.93,169607397.0,12.59,23837215.0,16.4,26957394.0,13.06,15356696.0,10.12,11600698.0,16.95
2011.7,268691129.0,11.81,236968169.0,12.1,5912986.0,1.18,202526303.0,11.94,28528880.0,16.38,31722960.0,9.54,18082237.0,7.6,13640723.0,12.25
2011.8,312404020.0,9.09,275100290.0,9.22,7059436.0,2.07,234394503.0,9.42,33646351.0,9.75,37303730.0,8.15,21291025.0,5.49,16012705.0,11.96
2011.9,351566211.0,11.95,308747505.0,12.14,7952426.0,4.53,262350894.0,12.13,38444185.0,13.95,42818706.0,10.61,24439614.0,7.57,18379092.0,14.93
2012.10,408810000.0,4.9,356266133.0,4.11,8670000.0,-0.7,300290000.0,3.2,47310000.0,11.2,52540000.0,10.9,30035340.0,11.1,22507538.0,10.57
2012.11,450280000.0,5.1,393136867.0,4.34,9400000.0,-0.6,331910000.0,3.5,51830000.0,11.2,57140000.0,10.6,32653271.0,10.83,24490611.0,10.21
2012.12,495910000.0,5.5,,,10130000.0,0.0,366690000.0,3.9,56900000.0,11.5,62190000.0,10.7,,,,
2012.2,74970000.0,6.66,63794953.0,5.33,1230000.0,-4.74,53160000.0,4.76,9400000.0,10.27,11170000.0,14.9,6387378.0,12.42,4783050.0,18.39
2012.3,116550000.0,6.8,99722112.0,5.46,1900000.0,-3.0,83850000.0,4.5,13980000.0,13.0,16830000.0,15.5,9686425.0,14.76,7145672.0,16.49
2012.4,155540000.0,6.0,133779956.0,4.61,2670000.0,-4.17,112940000.0,3.67,18170000.0,12.47,21760000.0,15.39,12544192.0,15.74,9219276.0,14.91
2012.5,196180000.0,5.8,170080828.0,4.65,3590000.0,-3.5,144260000.0,3.8,22230000.0,12.4,26100000.0,14.2,14976986.0,14.49,11124974.0,13.77
2012.6,237550000.0,5.5,207188724.0,4.55,4650000.0,-2.0,175800000.0,3.7,26730000.0,12.1,30360000.0,12.7,17328978.0,12.89,13027304.0,12.34
2012.7,283320000.0,5.4,247628527.0,4.47,5890000.0,-0.4,209810000.0,3.6,31930000.0,11.9,35690000.0,12.5,20404907.0,12.83,15288450.0,12.08
2012.8,328280000.0,5.1,286461369.0,4.12,7020000.0,-0.6,241840000.0,3.2,37600000.0,11.7,41820000.0,12.1,23925196.0,12.37,17895281.0,11.75
2012.9,368820000.0,4.8,321028958.0,3.9,7950000.0,-0.3,270230000.0,2.9,42850000.0,11.3,47790000.0,11.6,27372488.0,11.91,20422209.0,11.06
2013.10,438250000.0,7.4,380481268.0,7.05,8550000.0,-0.5,319470000.0,6.7,52460000.0,10.6,57770000.0,9.8,32919817.0,9.29,24849423.0,10.45
2013.11,483100000.0,7.5,,,9350000.0,0.1,353910000.0,6.9,57310000.0,10.8,62540000.0,9.4,,,,
2013.12,532230000.0,7.5,,,10140000.0,0.7,391430000.0,7.0,62730000.0,10.3,67930000.0,9.2,,,,
2013.2,78920000.0,5.48,67238757.0,5.63,1280000.0,4.32,55280000.0,4.21,10680000.0,13.84,11690000.0,4.65,6771882.0,6.1,4913443.0,2.73
2013.3,121390000.0,4.25,104034761.0,4.44,1890000.0,-0.26,86880000.0,3.75,15270000.0,9.22,17350000.0,3.07,9952164.0,2.74,7402141.0,3.52
2013.4,163030000.0,4.86,140777181.0,5.25,2700000.0,1.52,118230000.0,4.71,19850000.0,9.14,22250000.0,2.44,12703593.0,1.58,9548796.0,3.59
2013.5,205730000.0,4.88,178875441.0,5.2,3620000.0,1.13,150980000.0,4.69,24280000.0,9.13,26860000.0,2.81,15307064.0,2.13,11550535.0,3.71
2013.6,249610000.0,5.14,218046211.0,5.32,4610000.0,-0.77,184190000.0,4.88,29250000.0,9.26,31560000.0,3.89,17949453.0,3.52,13612780.0,4.37
2013.7,299010000.0,5.7,261599463.0,5.78,5740000.0,-1.7,220770000.0,5.4,35090000.0,9.9,37410000.0,5.1,21315235.0,4.85,16091019.0,5.44
2013.8,350030000.0,6.8,305070466.0,6.67,6920000.0,-0.5,256540000.0,6.3,41610000.0,10.7,44960000.0,7.5,25699006.0,7.44,19261175.0,7.59
2013.9,394520000.0,7.2,342226697.0,6.92,7760000.0,0.1,286890000.0,6.5,47580000.0,10.9,52300000.0,8.9,29866786.0,8.82,22430471.0,9.02
2014.10,454840000.0,3.8,,,8530000.0,1.1,332050000.0,3.9,55580000.0,6.0,58670000.0,1.7,,,,
2014.11,501160000.0,3.7,,,9250000.0,0.4,367440000.0,3.8,60710000.0,6.1,63760000.0,2.0,,,,
2014.12,552330000.0,3.8,,,9940000.0,-0.2,406500000.0,3.7,66600000.0,6.4,69280000.0,2.2,,,,
2014.2,82430000.0,4.5,,,1130000.0,-7.8,58200000.0,4.3,10940000.0,5.0,12170000.0,6.3,,,,
2014.3,127880000.0,5.4,,,1740000.0,-7.0,91330000.0,5.3,16330000.0,6.6,18480000.0,6.0,,,,
2014.4,171450000.0,5.2,,,2540000.0,-4.9,123980000.0,5.0,21160000.0,6.5,23780000.0,6.6,,,,
2014.5,216380000.0,5.2,,,3370000.0,-5.8,158430000.0,5.1,25910000.0,6.4,28670000.0,6.4,,,,
2014.6,262760000.0,5.3,,,4350000.0,-4.6,193250000.0,5.1,31380000.0,6.9,33780000.0,6.6,,,,
2014.7,313740000.0,4.9,,,5570000.0,-2.1,230940000.0,4.7,37540000.0,6.5,39680000.0,5.7,,,,
2014.8,364040000.0,4.0,,,6870000.0,0.3,266150000.0,3.9,44170000.0,5.8,46840000.0,3.8,,,,
2014.9,409750000.0,3.9,,,7830000.0,2.4,298270000.0,4.0,50330000.0,5.7,53320000.0,1.8,,,,
2015.10,458350000.0,0.7,,,8790000.0,3.0,328580000.0,-1.1,59590000.0,7.1,61400000.0,4.6,,,,
2015.11,504930000.0,0.7,,,9530000.0,3.0,363300000.0,-1.1,65240000.0,7.3,66860000.0,4.7,,,,
2015.12,555000000.0,0.5,,,10200000.0,2.5,400460000.0,-1.4,71580000.0,7.5,72760000.0,5.0,,,,
2015.2,84540000.0,2.5,,,1100000.0,-2.5,59000000.0,1.5,11840000.0,8.1,12590000.0,2.6,,,,
2015.3,129010000.0,0.8,,,1710000.0,-1.9,90790000.0,-0.6,17490000.0,7.0,19010000.0,2.6,,,,
2015.4,173160000.0,0.9,,,2480000.0,-2.6,123050000.0,-0.8,22870000.0,7.9,24770000.0,4.0,,,,
2015.5,218890000.0,1.1,,,3350000.0,-0.8,157320000.0,-0.8,28100000.0,8.3,30120000.0,4.9,,,,
2015.6,266240000.0,1.3,,,4410000.0,0.9,192420000.0,-0.5,33970000.0,8.1,35450000.0,4.8,,,,
2015.7,316680000.0,0.8,,,5700000.0,2.4,229000000.0,-0.9,40400000.0,7.5,41580000.0,4.7,,,,
2015.8,367800000.0,1.0,,,7040000.0,2.3,264310000.0,-0.7,47560000.0,7.5,48900000.0,4.3,,,,
2015.9,413440000.0,0.8,,,8060000.0,2.7,295590000.0,-1.0,54060000.0,7.3,55730000.0,4.6,,,,
2016.10,487760000.0,4.8,,,9260000.0,5.3,343510000.0,2.3,66520000.0,11.6,68470000.0,11.6,,,,
2016.11,538470000.0,5.0,,,10020000.0,5.2,381190000.0,2.6,72860000.0,11.7,74410000.0,11.4,,,,
2016.12,591980000.0,5.0,,,10750000.0,5.3,421080000.0,2.9,79610000.0,11.2,80540000.0,10.8,,,,
2016.2,87620000.0,2.0,,,1170000.0,6.7,59150000.0,-2.1,13250000.0,11.9,14050000.0,11.8,,,,
2016.3,135240000.0,3.2,,,1840000.0,7.8,92910000.0,0.2,19400000.0,10.9,21080000.0,10.8,,,,
2016.4,180930000.0,2.9,,,2700000.0,9.1,125950000.0,0.2,25160000.0,10.0,27110000.0,9.5,,,,
2016.5,228240000.0,2.7,,,3670000.0,9.6,161210000.0,0.4,30770000.0,9.6,32580000.0,8.2,,,,
2016.6,277590000.0,2.7,,,4750000.0,7.7,197590000.0,0.5,37090000.0,9.2,38160000.0,7.7,,,,
2016.7,332890000.0,3.6,,,6070000.0,6.4,237430000.0,1.6,44510000.0,10.2,44890000.0,8.0,,,,
2016.8,389200000.0,4.2,,,7400000.0,5.1,275370000.0,2.0,52770000.0,11.0,53660000.0,9.7,,,,
2016.9,438850000.0,4.5,,,8450000.0,4.8,307990000.0,2.0,60250000.0,11.5,62170000.0,11.6,,,,
2017.10,520180000.0,6.7,,,9950000.0,7.4,362800000.0,5.7,73670000.0,10.7,73760000.0,7.6,,,,
2017.11,573310000.0,6.5,,,10740000.0,7.1,401850000.0,5.5,80540000.0,10.5,80180000.0,7.7,,,,
2017.12,630770000.0,6.6,,,11550000.0,7.3,444130000.0,5.5,88140000.0,10.7,86950000.0,7.8,,,,
2017.2,93560000.0,6.3,,,1340000.0,12.0,63270000.0,6.7,14280000.0,7.3,14670000.0,3.5,,,,
2017.3,144610000.0,6.9,,,2030000.0,10.1,99980000.0,7.6,20920000.0,7.8,21680000.0,2.8,,,,
2017.4,193090000.0,6.7,,,2890000.0,6.7,134810000.0,6.9,27330000.0,8.9,28060000.0,3.6,,,,
2017.5,242630000.0,6.4,,,3900000.0,6.1,171290000.0,6.3,33530000.0,9.0,33920000.0,4.1,,,,
2017.6,295080000.0,6.3,,,5090000.0,7.2,209540000.0,6.1,40540000.0,9.3,39900000.0,4.5,,,,
2017.7,355780000.0,6.9,,,6550000.0,7.7,253170000.0,6.7,48930000.0,9.9,47130000.0,4.9,,,,
2017.8,415710000.0,6.8,,,8030000.0,8.5,292090000.0,6.1,58240000.0,10.4,57350000.0,6.8,,,,
2017.9,468880000.0,6.9,,,9110000.0,7.8,326300000.0,6.0,66590000.0,10.5,66880000.0,7.5,,,,
2018.10,565520000.0,8.7,,,6150000.0,9.8,385750000.0,7.2,90780000.0,13.1,82850000.0,11.1,,,,
2018.11,621990000.0,8.5,,,6730000.0,10.0,426840000.0,7.1,98900000.0,12.8,89520000.0,10.5,,,,
2018.12,684490000.0,8.5,,,7280000.0,9.8,472350000.0,7.2,108010000.0,12.7,96850000.0,10.4,,,,
2018.2,105520000.0,13.3,,,1440000.0,12.6,69990000.0,11.5,17270000.0,18.8,16830000.0,15.2,,,,
2018.3,158780000.0,9.8,,,2190000.0,10.3,105830000.0,6.7,25040000.0,16.7,25720000.0,17.2,,,,
2018.4,210940000.0,9.3,,,2050000.0,11.0,142520000.0,6.9,33770000.0,14.6,32600000.0,15.0,,,,
2018.5,266280000.0,9.8,,,2630000.0,10.6,182950000.0,7.7,41810000.0,15.1,38890000.0,13.9,,,,
2018.6,322910000.0,9.4,,,3280000.0,10.3,223360000.0,7.6,50710000.0,14.7,45550000.0,13.2,,,,
2018.7,387750000.0,9.0,,,4000000.0,10.0,268830000.0,7.0,61010000.0,14.2,53910000.0,13.6,,,,
2018.8,452960000.0,9.0,,,4820000.0,9.8,310690000.0,7.3,72440000.0,13.6,65010000.0,12.3,,,,
2018.9,510610000.0,8.9,,,5550000.0,9.8,347140000.0,7.3,82590000.0,13.5,75340000.0,11.5,,,,
2019.10,592320000.0,4.4,,,6470000.0,5.2,398670000.0,3.0,99410000.0,9.3,87770000.0,5.9,,,,
2019.11,651440000.0,4.5,,,7080000.0,5.1,441270000.0,3.0,108420000.0,9.4,94680000.0,5.7,,,,
2019.12,722550000.0,4.5,,,7800000.0,4.5,493620000.0,3.1,118630000.0,9.5,102500000.0,5.7,,,,
2019.2,110630000.0,4.5,,,1100000.0,7.9,70590000.0,1.2,19940000.0,10.5,18990000.0,11.1,,,,
2019.3,167950000.0,5.5,,,1600000.0,6.8,109450000.0,3.0,28590000.0,10.1,28300000.0,11.0,,,,
2019.4,223290000.0,5.6,,,2170000.0,6.1,147920000.0,3.2,37280000.0,10.3,35910000.0,10.9,,,,
2019.5,279930000.0,4.9,,,2770000.0,5.2,188550000.0,2.7,45860000.0,9.6,42760000.0,10.3,,,,
2019.6,339800000.0,5.0,,,3450000.0,5.0,230910000.0,3.1,55520000.0,9.4,49930000.0,9.6,,,,
2019.7,406520000.0,4.6,,,4210000.0,5.2,277120000.0,2.8,66680000.0,9.1,58510000.0,8.8,,,,
2019.8,474220000.0,4.4,,,6050000.0,4.6,320830000.0,3.0,78870000.0,8.8,69470000.0,6.8,,,,
2019.9,534420000.0,4.4,,,5810000.0,4.7,358570000.0,3.0,89940000.0,8.7,80100000.0,6.3,,,,
2020.10,603060000.0,1.8,,,7100000.0,9.7,403400000.0,1.2,99580000.0,0.2,92980000.0,5.9,,,,
2020.11,667720000.0,2.5,,,7780000.0,9.9,450330000.0,2.1,109270000.0,0.8,100340000.0,6.0,,,,
2020.12,751100000.0,3.1,,,8590000.0,10.2,512150000.0,2.5,120870000.0,1.9,109490000.0,6.9,,,,
2020.2,102030000.0,-7.8,,,1140000.0,3.9,62210000.0,-12.0,19280000.0,-3.1,19400000.0,2.4,,,,
2020.3,156980000.0,-6.5,,,1670000.0,4.0,99710000.0,-8.8,26280000.0,-8.3,29320000.0,3.5,,,,
2020.4,212700000.0,-4.7,,,2280000.0,5.0,138840000.0,-6.1,34240000.0,-8.1,37340000.0,3.9,,,,
2020.5,271970000.0,-2.8,,,2970000.0,7.1,180980000.0,-4.0,42960000.0,-6.3,45060000.0,5.2,,,,
2020.6,335470000.0,-1.3,,,3730000.0,8.2,225100000.0,-2.5,53330000.0,-4.0,53310000.0,6.6,,,,
2020.7,403810000.0,-0.7,,,4580000.0,8.8,271110000.0,-2.1,64980000.0,-2.5,63140000.0,7.7,,,,
2020.8,476760000.0,0.5,,,5520000.0,9.4,319140000.0,-0.5,78120000.0,-1.0,73980000.0,6.3,,,,
2020.9,541340000.0,1.3,,,6370000.0,9.6,360250000.0,0.5,89740000.0,-0.2,84980000.0,6.0,,,,
2021.10,682540000.0,12.2,,,8410000.0,18.4,454900000.0,11.3,119490000.0,20.0,99740000.0,7.4,,,,
2021.11,749720000.0,11.4,,,9190000.0,18.1,502550000.0,10.2,130080000.0,19.0,107900000.0,7.5,,,,
2021.12,831280000.0,10.3,,,10230000.0,16.4,561310000.0,9.1,142310000.0,17.8,117430000.0,7.3,,,,
2021.2,125880000.0,22.2,,,1420000.0,26.5,80120000.0,25.8,23130000.0,22.5,21210000.0,10.0,,,,
2021.3,192190000.0,21.2,,,2100000.0,26.4,126250000.0,24.1,33310000.0,28.2,30530000.0,4.7,,,,
2021.4,255810000.0,19.1,,,2830000.0,23.8,170740000.0,20.7,43790000.0,29.0,38450000.0,3.8,,,,
2021.5,323050000.0,17.7,,,3620000.0,21.6,217790000.0,18.6,54830000.0,27.8,46810000.0,4.1,,,,
2021.6,393390000.0,16.2,,,4510000.0,20.6,266100000.0,16.6,67100000.0,25.8,55680000.0,4.5,,,,
2021.7,470970000.0,15.6,,,5540000.0,20.5,316780000.0,15.3,81320000.0,25.1,67330000.0,6.6,,,,
2021.8,547040000.0,13.8,,,6600000.0,19.3,365290000.0,13.1,95330000.0,21.9,79820000.0,7.5,,,,
2021.9,616510000.0,12.9,,,7570000.0,18.9,409800000.0,12.3,108260000.0,20.7,90880000.0,7.0,,,,
2022.10,717600000.0,3.8,,,9480000.0,9.9,470860000.0,1.7,124790000.0,4.2,112470000.0,12.6,,,,
2022.11,785880000.0,3.5,,,10510000.0,9.7,518600000.0,1.5,135760000.0,4.1,121010000.0,12.0,,,,
2022.12,863720000.0,3.6,,,11460000.0,10.4,570010000.0,1.2,148590000.0,4.4,133660000.0,13.8,,,,
2022.2,134670000.0,5.8,,,1630000.0,12.8,84130000.0,3.4,24880000.0,7.2,24030000.0,13.1,,,,
2022.3,204230000.0,5.0,,,2410000.0,12.6,132140000.0,3.0,35510000.0,6.2,34170000.0,11.8,,,,
2022.4,268090000.0,3.4,,,3200000.0,10.8,177040000.0,1.9,45310000.0,3.1,42540000.0,10.5,,,,
2022.5,335260000.0,2.5,,,4080000.0,9.8,224660000.0,1.4,55860000.0,1.6,50660000.0,8.1,,,,
2022.6,409970000.0,2.9,,,5120000.0,10.3,274150000.0,1.3,69380000.0,3.1,61120000.0,9.6,,,,
2022.7,493030000.0,3.4,,,6340000.0,11.1,325520000.0,1.1,85310000.0,4.6,75860000.0,12.5,,,,
2022.8,578390000.0,4.4,,,7670000.0,11.0,376740000.0,1.4,101430000.0,6.1,92550000.0,15.8,,,,
2022.9,649310000.0,4.0,,,8570000.0,8.4,423640000.0,1.6,113790000.0,4.9,103310000.0,13.5,,,,
2023.10,760590000.0,5.8,,,10760000.0,11.4,499120000.0,5.8,138000000.0,10.4,112710000.0,0.4,,,,
2023.11,836780000.0,6.3,,,11730000.0,11.5,551790000.0,6.1,151200000.0,11.3,122060000.0,1.1,,,,
2023.12,922410000.0,6.7,,,12780000.0,11.5,607450000.0,6.5,166940000.0,12.5,135240000.0,0.9,,,,
2023.2,138340000.0,2.3,,,1740000.0,6.2,87060000.0,2.9,24850000.0,-0.2,24690000.0,2.7,,,,
2023.3,212030000.0,3.6,,,2660000.0,9.7,138170000.0,4.2,36960000.0,4.1,34240000.0,0.2,,,,
2023.4,281030000.0,4.7,,,3510000.0,10.3,186320000.0,5.0,48520000.0,7.0,42680000.0,0.3,,,,
2023.5,353250000.0,5.2,,,4560000.0,11.6,236430000.0,4.9,61360000.0,9.8,50900000.0,1.1,,,,
2023.6,430760000.0,5.0,,,5780000.0,12.1,286700000.0,4.4,76310000.0,9.9,61970000.0,1.3,,,,
2023.7,519650000.0,5.2,,,7160000.0,12.3,340540000.0,4.6,93680000.0,9.8,78270000.0,2.1,,,,
2023.8,608260000.0,5.0,,,8590000.0,11.7,395110000.0,5.0,110790000.0,9.3,93770000.0,-0.1,,,,
2023.9,686370000.0,5.6,,,9760000.0,11.3,447030000.0,5.5,125460000.0,10.1,104120000.0,0.5,,,,
2024.10,818360000.0,7.6,,,11410000.0,6.7,527210000.0,5.6,153150000.0,11.0,126590000.0,12.3,,,,
2024.11,896860000.0,7.1,,,12450000.0,6.8,581220000.0,5.3,166980000.0,10.4,136210000.0,11.6,,,,
2024.12,985210000.0,6.8,,,13570000.0,6.3,638740000.0,5.1,183480000.0,9.9,149420000.0,10.6,,,,
2024.2,153160000.0,11.0,,,1920000.0,11.1,95200000.0,9.7,28690000.0,15.7,27350000.0,10.5,,,,
2024.3,233730000.0,9.8,,,2880000.0,9.7,150560000.0,8.0,42350000.0,14.3,37940000.0,12.0,,,,
2024.4,307720000.0,9.0,,,3840000.0,10.1,202140000.0,7.5,55050000.0,13.5,46690000.0,10.8,,,,
2024.5,383700000.0,8.6,,,4950000.0,9.7,253650000.0,7.2,69180000.0,12.7,55920000.0,9.9,,,,
2024.6,465750000.0,8.1,,,6230000.0,8.8,306700000.0,6.9,85250000.0,11.7,67570000.0,9.0,,,,
2024.7,559710000.0,7.7,,,7640000.0,7.5,363290000.0,6.6,103960000.0,11.0,84820000.0,8.4,,,,
2024.8,656190000.0,7.9,,,9140000.0,7.0,420060000.0,6.3,123010000.0,11.0,103980000.0,10.9,,,,
2024.9,740940000.0,7.9,,,10350000.0,6.9,473850000.0,5.9,139530000.0,11.2,117210000.0,12.6,,,,
2025.2,155640000.0,1.3,,,2080000.0,8.2,96360000.0,0.9,29800000.0,3.6,27400000.0,0.1,,,,
2025.3,238460000.0,2.5,,,3140000.0,8.7,152140000.0,1.9,44650000.0,5.2,38530000.0,1.5,,,,
2025.4,315660000.0,3.1,,,4240000.0,10.0,204970000.0,2.3,58560000.0,6.0,47890000.0,2.5,,,,
2025.5,396650000.0,3.4,,,5430000.0,9.6,259140000.0,2.2,74060000.0,6.8,58020000.0,3.7,,,,
2025.6,484180000.0,3.7,,,6760000.0,8.7,314850000.0,2.4,91640000.0,7.1,70930000.0,4.9,,,,
