时间,开盘,最高,最低,收盘,涨跌,涨跌幅,成交量,成交额,持仓量
2025-07-23,3485,3495,3402,3438,7,0.2,1086574,37429260190,1495321
2025-07-22,3394,3499,3383,3477,96,2.84,1292117,44333620992,1582445
2025-07-21,3323,3422,3318,3394,73,2.2,1279822,43277745664,1600476
2025-07-18,3295,3342,3294,3310,30,0.91,786987,26135995904,1596254
2025-07-17,3257,3293,3255,3292,40,1.23,698968,22927027200,1610257
2025-07-16,3255,3268,3241,3253,-10,-0.31,385432,12535641344,1549973
2025-07-15,3273,3280,3245,3259,-10,-0.31,496158,16192397568,1566776
2025-07-14,3269,3281,3256,3276,3,0.09,454659,14863214592,1580291
2025-07-11,3256,3288,3254,3273,40,1.24,609870,19964293632,1599748
2025-07-10,3196,3268,3192,3262,69,2.16,901412,29150960896,1597104
2025-07-09,3194,3207,3181,3190,3,0.09,345228,11024052992,1582553
2025-07-08,3186,3198,3176,3191,-2,-0.06,341788,10894704896,1593691
2025-07-07,3201,3213,3179,3191,-20,-0.62,490427,15660173824,1585555
2025-07-04,3208,3225,3198,3201,8,0.25,623730,20031941632,1580869
2025-07-03,3202,3217,3175,3208,46,1.45,694556,22181364992,1595284
2025-07-02,3138,3196,3136,3191,70,2.24,920428,29111609344,1595758
2025-07-01,3120,3139,3107,3136,2,0.06,537703,16782603008,1522628
2025-06-30,3123,3150,3119,3123,4,0.13,595861,18676652032,1525709
2025-06-27,3099,3135,3098,3121,29,0.94,613616,19142883328,1524710
2025-06-26,3100,3104,3080,3103,12,0.39,552939,17097603584,1510669
2025-06-25,3099,3105,3082,3098,-8,-0.26,533425,16488922880,1510406
2025-06-24,3110,3125,3093,3099,-16,-0.51,550221,17092862464,1512865
2025-06-23,3110,3130,3107,3112,-5,-0.16,382209,11907277568,1511083
2025-06-20,3104,3131,3104,3116,12,0.39,566709,17664693760,1482115
2025-06-19,3102,3120,3092,3103,4,0.13,398637,12375263744,1488632
2025-06-18,3093,3113,3086,3102,10,0.32,484069,15003416064,1501786
2025-06-17,3094,3104,3084,3093,4,0.13,353677,10938528256,1522669
2025-06-16,3075,3106,3063,3104,33,1.07,603542,18648425216,1528393
2025-06-13,3078,3096,3050,3082,-8,-0.26,814335,25008781312,1555245
2025-06-12,3102,3111,3077,3080,-27,-0.87,490001,15143390208,1566756
2025-06-11,3090,3125,3088,3108,24,0.78,598818,18605575168,1563430
2025-06-10,3098,3100,3068,3089,0,0.0,507470,15653945600,1592616
2025-06-09,3088,3102,3075,3095,-2,-0.06,512180,15822635008,1585218
2025-06-06,3081,3121,3078,3092,17,0.55,640481,19841954048,1582478
2025-06-05,3095,3098,3050,3077,-6,-0.19,639907,19678859008,1579049
2025-06-04,3055,3112,3054,3097,49,1.61,806676,24877205504,1576113
2025-06-03,3046,3070,3026,3052,-32,-1.04,594311,18115917568,1588097
2025-05-30,3108,3108,3066,3076,-25,-0.81,602113,18572058880,1578525
2025-05-29,3100,3126,3077,3110,10,0.32,809980,25121244160,1552234
2025-05-28,3110,3116,3084,3100,-17,-0.55,452531,14029760000,1537114
2025-05-27,3139,3151,3098,3111,-42,-1.33,694483,21651632640,1513825
2025-05-26,3182,3188,3127,3138,-65,-2.03,804010,25355404032,1471007
2025-05-23,3215,3218,3189,3189,-24,-0.75,437643,14019849728,1368284
2025-05-22,3210,3226,3202,3210,3,0.09,456989,14686698496,1353196
2025-05-21,3202,3218,3196,3211,5,0.16,350902,11255455744,1349258
2025-05-20,3207,3222,3191,3202,-12,-0.37,435507,13964126976,1350873
2025-05-19,3223,3236,3200,3207,-33,-1.02,489525,15737230848,1344111
2025-05-16,3255,3258,3221,3226,-31,-0.95,461318,14947167744,1358007
2025-05-15,3269,3269,3246,3260,15,0.46,403569,13145095680,1362524
2025-05-14,3220,3269,3207,3267,41,1.27,801521,26011204096,1351894
2025-05-13,3245,3255,3202,3215,25,0.78,660865,21323367424,1354588
2025-05-12,3161,3220,3152,3220,48,1.51,849309,27096741888,1384049
2025-05-09,3185,3190,3156,3157,-43,-1.34,579080,18370397440,1421069
2025-05-08,3225,3225,3182,3191,-38,-1.18,639463,20467236352,1395031
2025-05-07,3206,3265,3204,3217,11,0.34,843705,27248574720,1328944
2025-05-06,3230,3233,3190,3196,-6,-0.19,422920,13562857728,1326211
2025-04-30,3207,3212,3190,3204,-14,-0.44,413810,13254049792,1321289
2025-04-29,3231,3237,3203,3210,-41,-1.26,576048,18538092032,1332134
2025-04-28,3209,3282,3206,3237,27,0.84,1403970,45655899392,1360893
2025-04-25,3208,3230,3195,3204,-10,-0.31,613482,19696751104,1407096
2025-04-24,3233,3239,3194,3204,-4,-0.12,575582,18499991552,1405606
