月份,总指数-指数值,总指数-同比增长,总指数-环比增长,农产品-指数值,农产品-同比增长,农产品-环比增长,矿产品-指数值,矿产品-同比增长,矿产品-环比增长,煤油电-指数值,煤油电-同比增长,煤油电-环比增长
2025年05月份,96.8,-2.71356784,-0.81967213,98.4,0.71647902,-0.80645161,102.8,-5.34069982,-1.7208413,91.6,-7.93969849,-1.29310345
2025年04月份,97.6,-0.61099796,-0.509684,99.2,1.63934426,1.43149284,104.6,-0.75901328,-0.57034221,92.8,-5.01535312,-1.69491525
2025年03月份,98.1,0.40941658,0.0,97.8,1.13753878,1.13753878,105.2,0.19047619,1.54440154,94.4,-2.88065844,-1.5641293
2025年02月份,98.1,0.30674847,-0.30487805,96.7,-1.92697769,-4.25742574,103.6,-3.35820896,3.187251,95.9,-0.72463768,-0.31185031
2025年01月份,98.4,0.61349693,0.1017294,101.0,7.33262487,1.60965795,100.4,-9.46798918,-1.08374384,96.2,-0.31088083,0.62761506
2024年12月份,98.3,0.10183299,-0.30425963,99.4,3.00518135,-3.40136054,101.5,-8.55855856,-0.87890625,95.6,-0.31282586,1.05708245
2024年11月份,98.6,0.71501532,-0.4040404,102.9,9.70149254,-2.83286119,102.4,-6.99364214,-2.29007634,94.6,-1.56087409,0.96051227
2024年10月份,99.0,1.12359551,0.7121058,105.9,13.87096774,-1.12044818,104.8,-2.60223048,1.35396518,93.7,-4.09416581,0.86114101
2024年09月份,98.3,-0.30425963,-0.80726539,107.1,13.21353066,1.51658768,103.4,-3.63466915,-2.08333333,92.9,-5.87639311,-4.02892562
2024年08月份,99.1,1.12244898,-0.70140281,105.5,10.12526096,5.71142285,105.6,-1.58434296,-2.04081633,96.8,0.83333333,-3.39321357
2024年07月份,99.8,2.88659794,-0.1001001,99.8,3.6344756,3.09917355,107.8,3.05927342,-0.73664825,100.2,9.1503268,-0.49652433
2024年06月份,99.9,4.60732984,0.40201005,96.8,-2.90872618,-0.92118731,108.6,8.70870871,0.0,100.7,11.88888889,1.20603015
2024年05月份,99.5,3.75391032,1.32382892,97.7,-2.10420842,0.10245902,108.6,9.47580645,3.03605313,99.5,6.3034188,1.84237462
2024年04月份,98.2,1.13285273,0.51177073,97.6,-4.40744368,0.93071355,105.4,5.29470529,0.38095238,97.7,1.66493236,0.51440329
2024年03月份,97.7,-0.6103764,-0.10224949,96.7,-8.51466414,-1.92697769,105.0,3.24483776,-2.05223881,97.2,-1.1190234,0.62111801
2024年02月份,97.8,-1.90571715,0.0,98.6,-7.33082707,4.78214665,107.2,4.6875,-3.33633904,96.6,-6.30455868,0.10362694
2024年01月份,97.8,-2.58964143,-0.40733198,94.1,-12.38361266,-2.48704663,110.9,8.83218842,-0.09009009,96.5,-8.79017013,0.62565172
2023年12月份,98.2,-1.99600798,0.30643514,96.5,-7.47842761,2.87846482,111.0,8.1871345,0.81743869,95.9,-11.2037037,-0.20811655
2023年11月份,97.9,-1.90380762,0.0,93.8,-10.66666667,0.86021505,110.1,9.3346574,2.32342007,96.1,-10.85343228,-1.63766633
2023年10月份,97.9,-2.1978022,-0.70993915,93.0,-16.89008043,-1.69133192,107.6,9.68399592,0.27958993,97.7,-9.53703704,-1.01317123
2023年09月份,98.6,-3.04818092,0.6122449,94.6,-15.53571429,-1.2526096,107.3,12.00417537,0.0,98.7,-11.71735242,2.8125
2023年08月份,98.0,-4.20332356,1.03092784,95.8,-10.96654275,-0.5192108,107.3,15.625,2.58126195,96.0,-16.08391608,4.5751634
2023年07月份,97.0,-5.91658584,1.57068063,96.3,-9.57746479,-3.41023069,104.6,12.23175966,4.7047047,91.8,-21.33676093,2.0
2023年06月份,95.5,-9.22053232,-0.41710115,99.7,-3.39147287,-0.1002004,99.9,1.83486239,0.70564516,90.0,-25.37313433,-3.84615385
2023年05月份,95.9,-8.75356803,-1.23583934,99.8,-0.3992016,-2.25269344,99.2,-1.68483647,-0.8991009,93.6,-22.19451372,-2.60145682
2023年04月份,97.1,-8.65475071,-1.2207528,102.1,4.82546201,-3.40586566,100.1,-4.75737393,-1.57325467,96.1,-21.42273099,-2.2380468
2023年03月份,98.3,-7.35155514,-1.40421264,105.7,12.56656017,-0.65789474,101.7,-2.21153846,-0.68359375,98.3,-18.82741536,-4.6556741
2023年02月份,99.7,-6.03204524,-0.69721116,106.4,16.03053435,-0.9310987,102.4,-0.7751938,0.49067713,103.1,-13.14237574,-2.55198488
2023年01月份,100.4,-5.63909774,0.1996008,107.4,15.35982814,2.97219559,101.9,-1.45067698,-0.68226121,105.8,-10.33898305,-2.03703704
2022年12月份,100.2,-6.79069767,0.4008016,104.3,7.97101449,-0.66666667,102.6,-1.53550864,1.88679245,108.0,-8.9376054,0.18552876
2022年11月份,99.8,-9.10746812,-0.2997003,105.0,6.92464358,-6.16621984,100.7,-6.58627087,2.65035678,107.8,-12.92407108,-0.18518519
2022年10月份,100.1,-9.08265213,-1.57325467,111.9,21.49837134,-0.08928571,98.1,-11.93895871,2.40083507,108.0,-12.69199677,-3.39892665
2022年09月份,101.7,-5.74606117,-0.58651026,112.0,24.72160356,4.08921933,95.8,-16.25874126,3.23275862,111.8,-4.93197279,-2.27272727
2022年08月份,102.3,-4.92565056,-0.77594568,107.6,15.45064378,1.03286385,92.8,-20.20636285,-0.42918455,114.4,-0.60816681,-1.97086547
2022年07月份,103.1,-4.44856348,-1.99619772,106.5,12.6984127,3.19767442,93.2,-22.97520661,-4.99490316,116.7,1.21422376,-3.23383085
2022年06月份,105.2,-2.6827012,0.09514748,103.2,6.94300518,2.99401198,98.1,-19.25925926,-2.77502478,120.6,4.96083551,0.24937656
2022年05月份,105.1,-3.66636114,-1.12888053,100.2,0.2,2.87474333,100.9,-16.61157025,-3.9961941,120.3,4.42708333,-1.63532298
2022年04月份,106.3,-1.11627907,0.18850141,97.4,-2.30692076,3.72736954,105.1,-10.4770017,1.05769231,122.3,10.0810081,0.9909166
2022年03月份,106.1,0.66413662,0.0,93.9,-7.21343874,2.39912759,104.0,-9.72222222,0.7751938,121.1,16.33045149,2.02190396
2022年02月份,106.1,3.10981535,-0.28195489,91.7,-9.65517241,-1.5037594,103.2,-9.39420544,-0.1934236,118.7,21.61885246,0.59322034
2022年01月份,106.4,5.13833992,-1.02325581,93.1,-8.54616896,-3.62318841,103.4,-6.59439928,-0.76775432,118.0,25.93383138,-0.50590219
2021年12月份,107.5,7.28542914,-2.09471767,96.6,-3.97614314,-1.6293279,104.2,-4.13983441,-3.33951763,118.6,28.07775378,-4.2003231
2021年11月份,109.8,10.90909091,-0.27247956,98.2,-1.8,6.62323561,107.8,1.31578947,-3.23159785,123.8,36.64459161,0.08084074
2021年10月份,110.1,11.77664975,2.03892493,92.1,-10.40856031,2.56124722,111.4,5.79297246,-2.62237762,123.7,37.13968958,5.18707483
2021年09月份,107.9,9.32117528,0.27881041,89.8,-15.36286522,-3.64806867,114.4,10.31822565,-1.63370593,117.6,29.08891328,2.17202433
2021年08月份,107.6,8.79676441,-0.27803522,93.2,-13.62372567,-1.37566138,116.3,12.36714976,-3.88429752,115.1,26.34467618,-0.17346054
2021年07月份,107.9,9.54314721,-0.18501388,94.5,-13.77737226,-2.07253886,121.0,18.86051081,-0.41152263,115.3,28.25361513,0.34812881
2021年06月份,108.1,10.64483112,-0.91659028,96.5,-11.54903758,-3.5,121.5,19.11764706,0.41322314,114.9,31.46453089,-0.26041667
2021年05月份,109.1,12.82316443,1.48837209,100.0,-8.42490842,0.30090271,121.0,18.97738446,3.06643952,115.2,35.52941176,3.69036904
2021年04月份,107.5,10.82474227,1.99240987,99.7,-10.502693,-1.48221344,117.4,14.76050831,1.90972222,111.1,27.99539171,6.72430355
2021年03月份,105.4,6.89655172,2.42954325,101.2,-10.83700441,-0.2955665,115.2,10.66282421,1.14135206,104.1,13.15217391,6.65983607
2021年02月份,102.9,2.59222333,1.6798419,101.5,-13.39590444,-0.29469548,113.9,8.47619048,2.89069557,97.6,0.1025641,4.16221985
2021年01月份,101.2,0.1980198,0.99800399,101.8,-14.16526138,1.19284294,110.7,3.55472404,1.8399264,93.7,-6.67330677,1.18790497
2020年12月份,100.2,-0.29850746,1.21212121,100.6,-14.09052092,0.6,108.7,1.68381665,2.16165414,92.6,-5.51020408,2.20750552
2020年11月份,99.0,-0.40241449,0.50761421,100.0,-13.71872304,-2.72373541,106.4,0.56710775,1.04463438,90.6,-3.7194474,0.44345898
2020年10月份,98.5,-0.40444894,-0.20263425,102.8,-8.37789661,-3.11027333,105.3,-1.95530726,1.54291225,90.2,-2.80172414,-0.98792536
2020年09月份,98.7,-0.20222447,-0.20222447,106.1,-2.92772187,-1.66821131,103.7,-4.6875,0.19323671,91.1,-2.56684492,0.0
2020年08月份,98.9,-0.40281974,0.40609137,107.9,-0.27726433,-1.55109489,103.5,-7.7540107,1.66994106,91.1,-3.69978858,1.33481646
2020年07月份,98.5,-1.20361083,0.81883316,109.6,2.04841713,0.45829514,101.8,-11.2467306,-0.19607843,89.9,-6.25651721,2.8604119
2020年06月份,97.7,-2.10420842,1.03412616,109.1,1.77238806,-0.09157509,102.0,-9.09090909,0.29498525,87.4,-10.35897436,2.82352941
2020年05月份,96.7,-3.97219464,-0.30927835,109.2,1.77073625,-1.97486535,101.7,-7.88043478,-0.58651026,85.0,-14.57286432,-2.07373272
2020年04月份,97.0,-4.0553907,-1.62271805,111.4,4.11214953,-1.85022026,102.3,-6.23281393,-1.72910663,86.8,-13.71769384,-5.65217391
2020年03月份,98.6,-1.98807157,-1.69491525,113.5,9.45033751,-3.15699659,104.1,-2.43673852,-0.85714286,92.0,-9.00098912,-5.64102564
2020年02月份,100.3,0.60180542,-0.69306931,117.2,18.50353893,-1.18043845,105.0,-0.56818182,-1.77736202,97.5,-1.51515152,-2.88844622
2020年01月份,101.0,1.50753769,0.49751244,118.6,20.65106816,1.28095645,106.9,2.10124164,0.0,100.4,1.82555781,2.44897959
2019年12月份,100.5,0.19940179,1.10663984,117.1,18.28282828,1.03537532,106.9,1.42314991,1.03969754,98.0,-3.44827586,4.1445271
2019年11月份,99.4,-2.35756385,0.50556117,115.9,16.01601602,3.29768271,105.8,-1.39794967,-1.48975791,94.1,-11.47695202,1.40086207
2019年10月份,98.9,-3.79377432,0.0,112.2,10.65088757,2.65324794,107.4,0.93984962,-1.28676471,92.8,-15.17367459,-0.7486631
2019年09月份,98.9,-4.16666667,-0.40281974,109.3,7.05190989,1.01663586,108.8,3.12796209,-3.03030303,93.5,-14.53382084,-1.1627907
2019年08月份,99.3,-3.87221684,-0.40120361,108.2,7.55467197,0.74487896,112.2,8.4057971,-2.17959895,94.6,-13.76481313,-1.35557873
2019年07月份,99.7,-4.04234841,-0.1002004,107.4,7.29270729,0.18656716,114.7,10.28846154,2.22816399,95.9,-13.36946703,-1.64102564
2019年06月份,99.8,-4.13064361,-0.89374379,107.2,7.30730731,-0.09319664,112.2,6.95900858,1.63043478,97.5,-10.71428571,-2.01005025
2019年05月份,100.7,-2.7992278,-0.39564787,107.3,7.83919598,0.28037383,110.4,5.95009597,1.19156737,99.5,-6.83520599,-1.09343936
2019年04月份,101.1,-1.6536965,0.49701789,107.0,8.96130346,3.18225651,109.1,6.64711632,2.24929709,100.6,-3.91595033,-0.49455984
2019年03月份,100.6,-2.04479065,0.90270812,103.7,4.22110553,4.85338726,106.7,5.01968504,1.04166667,101.1,-2.69489894,2.12121212
2019年02月份,99.7,-3.57833656,0.20100503,98.9,-1.88492063,0.6103764,105.6,1.63618864,0.85959885,99.0,-5.62440419,0.40567951
2019年01月份,99.5,-4.23484119,-0.79760718,98.3,0.51124744,-0.70707071,104.7,-0.85227273,-0.66413662,98.6,-5.91603053,-2.85714286
2018年12月份,100.3,-3.92720307,-1.47347741,99.0,0.40567951,-0.9009009,105.4,-0.18939394,-1.77073625,101.5,-3.97350993,-4.51552211
2018年11月份,101.8,-3.32383666,-0.97276265,99.9,1.4213198,-1.47928994,107.3,-0.27881041,0.84586466,106.3,-0.74696545,-2.83363803
2018年10月份,102.8,-3.74531835,-0.3875969,101.4,1.70511535,-0.68560235,106.4,-4.31654676,0.85308057,109.4,0.73664825,0.0
2018年09月份,103.2,-3.46117867,-0.09680542,102.1,3.02724521,1.49105368,105.5,-5.63506261,1.93236715,109.4,-0.45495905,-0.27347311
2018年08月份,103.3,-3.18650422,-0.57747834,100.6,0.80160321,0.4995005,103.5,-7.42397138,-0.48076923,109.7,-1.17117117,-0.90334237
2018年07月份,103.9,-1.79584121,-0.19212296,100.1,1.41843972,0.2002002,104.0,-4.84903934,-0.85795996,110.7,1.37362637,1.37362637
2018年06月份,104.1,-1.88501414,0.48262548,99.9,1.7311609,0.40201005,104.9,-4.80943739,0.67178503,109.2,-1.35501355,2.24719101
2018年05月份,103.6,-2.44821092,0.77821012,99.5,2.57731959,1.32382892,104.2,-5.4446461,1.8572825,106.8,-6.47985989,2.00573066
2018年04月份,102.8,-3.74531835,0.09737098,98.2,1.02880658,-1.30653266,102.3,-8.82352941,0.68897638,104.7,-11.72006745,0.76997113
2018年03月份,102.7,-5.25830258,-0.67698259,99.5,1.84237462,-1.28968254,101.6,-12.26252159,-2.21366699,103.9,-13.84742952,-0.95328885
2018年02月份,103.4,-5.39798719,-0.48123195,100.8,0.6993007,3.06748466,103.9,-11.27241674,-1.60984848,104.9,-13.66255144,0.09541985
2018年01月份,103.9,-4.23963134,-0.4789272,97.8,-6.41148325,-0.81135903,105.6,-8.33333333,0.0,104.8,-10.96006797,-0.85146641
2017年12月份,104.4,-2.24719101,-0.85470085,98.6,-4.73429952,0.10152284,105.6,-5.96616207,-1.85873606,105.7,-4.94604317,-1.30718954
2017年11月份,105.3,0.76555024,-1.40449438,98.5,-5.83173996,-1.20361083,107.6,0.27958993,-3.23741007,107.1,0.75258702,-1.38121547
2017年10月份,106.8,5.01474926,-0.09354537,99.7,-3.48499516,0.60544904,111.2,8.80626223,-0.53667263,108.6,6.5750736,-1.18289354
2017年09月份,106.9,6.68662675,0.18744142,99.1,-2.46062992,-0.70140281,111.8,10.14778325,0.0,109.9,11.46044625,-0.99099099
2017年08月份,106.7,8.11632384,0.85066163,99.8,-0.24987506,1.11448835,111.8,12.00160289,2.28728271,111.0,18.00978099,1.64835165
2017年07月份,105.8,8.08049852,-0.28275212,98.7,-2.68191678,0.50916497,109.3,12.12556422,-0.81669691,109.2,19.08396947,-1.35501355
2017年06月份,106.1,9.83436853,-0.09416196,98.2,-5.02901354,1.2371134,110.2,16.36747624,0.0,110.7,22.72727273,-3.0647986
2017年05月份,106.2,10.3950104,-0.56179775,97.0,-7.88224122,-0.20576132,110.2,16.0,-1.78253119,114.2,28.17059484,-3.70994941
2017年04月份,106.8,11.25,-1.47601476,97.2,-9.07390084,-0.51177073,112.2,17.48691099,-3.10880829,118.6,36.79354095,-1.65837479
2017年03月份,108.4,14.22550053,-0.82342177,97.7,-8.52059925,-2.3976024,115.8,23.98286938,-1.11016225,120.6,41.05263158,-0.74074074
2017年02月份,109.3,16.40042599,0.73732719,100.1,-5.20833333,-4.21052632,117.1,30.54626533,1.64930556,121.5,41.77362894,3.22854715
2017年01月份,108.5,16.16702355,1.5917603,104.5,-0.19102197,0.96618357,115.2,30.6122449,2.58236866,117.7,37.66081871,5.84532374
2016年12月份,106.8,15.21035599,2.20095694,103.5,0.0967118,-1.05162524,112.3,28.19634703,4.65983225,111.2,30.97762073,4.60959548
2016年11月份,104.5,13.21776815,2.75319567,104.6,3.25765054,1.25847047,107.3,21.79341657,4.99021526,106.3,26.24703088,4.31795878
2016年10月份,101.7,9.82721382,1.49700599,103.3,1.97433366,1.67322835,102.2,15.09009009,0.68965517,101.9,22.1822542,3.34685598
2016年09月份,100.2,8.09061489,1.53004357,101.6,-0.19646365,1.54922539,101.5,15.07936508,1.68302945,98.6,18.50961538,4.82670636
2016年08月份,98.69,6.11827957,0.81724385,100.05,-2.00783546,-1.35081838,99.82,14.21052632,2.40049241,94.06,11.44549763,2.5736096
2016年07月份,97.89,4.91961415,1.33540373,101.42,-0.27531957,-1.91489362,97.48,11.27853881,2.93558606,91.7,6.38051044,1.66297118
2016年06月份,96.6,2.5477707,0.41580042,103.4,2.98804781,-1.80436847,94.7,6.64414414,-0.31578947,90.2,3.44036697,1.2345679
2016年05月份,96.2,1.7989418,0.20833333,105.3,5.19480519,-1.49672591,95.0,7.46606335,-0.52356021,89.1,3.24449594,2.76816609
2016年04月份,96.0,1.37275607,1.15911486,106.9,5.52813425,0.09363296,95.5,9.39289805,2.248394,86.7,1.04895105,1.40350877
2016年03月份,94.9,0.31712474,1.06496273,106.8,7.01402806,1.13636364,93.4,6.74285714,4.12486065,85.5,0.23446659,-0.23337223
2016年02月份,93.9,-0.31847134,0.53533191,105.6,6.55903128,0.85959885,89.7,2.63157895,1.70068027,85.7,1.54028436,0.23391813
2016年01月份,93.4,-1.05932203,0.75512406,104.7,7.71604938,1.25725338,88.2,-0.33898305,0.68493151,85.5,-0.58139535,0.70671378
2015年12月份,92.7,-3.0334728,0.43336945,103.4,6.05128205,2.07305035,87.6,-2.99003322,-0.56753689,84.9,-5.45657016,0.83135392
2015年11月份,92.3,-4.25311203,-0.32397408,101.3,4.43298969,0.0,88.1,-3.08030803,-0.78828829,84.2,-9.3649085,0.95923261
2015年10月份,92.6,-4.4375645,-0.10787487,101.3,4.218107,-0.49115914,88.8,-3.05676856,0.68027211,83.4,-12.02531646,0.24038462
2015年09月份,92.7,-5.05940188,-0.32258065,101.8,3.58160358,-0.29382958,88.2,-4.51445274,0.91533181,83.2,-13.45053573,-1.42180095
2015年08月份,93.0,-5.67951318,-0.32154341,102.1,2.40722166,0.39331367,87.4,-8.0,-0.2283105,84.4,-14.22764228,-2.08816705
2015年07月份,93.3,-5.85267407,-0.95541401,101.7,2.00601805,1.29482072,87.6,-9.96916752,-1.35135135,86.2,-13.27967807,-1.14678899
2015年06月份,94.2,-4.75227503,-0.31746032,100.4,0.2997003,0.2997003,88.8,-7.97927461,0.45248869,87.2,-11.91919192,1.0428737
2015年05月份,94.5,-4.15821501,-0.21119324,100.1,-0.5958292,-1.1846002,88.4,-8.01248699,1.26002291,86.3,-12.3857868,0.58275058
2015年04月份,94.7,-3.16973415,0.10570825,101.3,3.36734694,1.50300601,87.3,-8.49056604,-0.22857143,85.8,-11.54639175,0.58616647
2015年03月份,94.6,-3.08370044,0.42462845,99.8,-1.09999009,0.70635721,87.5,-7.49550692,0.11441648,85.3,-11.3674148,1.06635071
2015年02月份,94.2,-3.58239509,-0.21186441,99.1,-0.40201005,1.95473251,87.4,-8.76826722,-1.24293785,84.4,-12.71975181,-1.86046512
2015年01月份,94.4,-4.25963489,-1.25523013,97.2,-3.37972167,-0.30769231,88.5,-8.85684861,-1.99335548,86.0,-12.60162602,-4.23162584
2014年12月份,95.6,-3.72608258,-0.82987552,97.5,-5.97878496,0.51546392,90.3,-7.85714286,-0.66006601,89.8,-8.83248731,-3.33692142
2014年11月份,96.4,-3.21285141,-0.51599587,97.0,-9.17602996,-0.20576132,90.9,-7.90273556,-0.76419214,92.9,-5.1072523,-2.00421941
2014年10月份,96.9,-2.80842528,-0.75788611,97.2,-10.08325624,-1.0989011,91.6,-7.56811302,-0.83360398,94.8,-3.16649642,-1.38354312
2014年09月份,97.64,-1.96787149,-0.97363083,98.28,-7.89128397,-1.42427282,92.37,-7.35205617,-2.76842105,96.13,-2.10794297,-2.30691057
2014年08月份,98.6,-0.71493304,-0.50454087,99.7,-5.32712943,0.0,95.0,-3.02164149,-2.36382323,98.4,0.14247914,-1.00603622
2014年07月份,99.1,0.2630514,0.20222447,99.7,-6.02318786,-0.3996004,97.3,1.70377339,0.82901554,99.4,1.64638511,0.4040404
2014年06月份,98.9,0.81549439,0.30425963,100.1,-4.11877395,-0.5958292,96.5,0.73068894,0.41623309,99.0,3.55648536,0.50761421
2014年05月份,98.6,0.92118731,0.81799591,100.7,-1.66015625,2.75510204,96.1,-0.41450777,0.73375262,98.5,4.56475584,1.54639175
2014年04月份,97.8,-0.10214505,0.19465219,98.0,-5.31400966,-2.8837578,95.4,-1.0373444,0.85632731,97.0,2.10526316,0.78969244
2014年03月份,97.61,-0.70193286,-0.09211873,100.91,-0.64001575,1.41708543,94.59,-3.43032159,-1.26304802,96.24,-1.11990137,-0.47569804
2014年02月份,97.7,-1.21334681,-0.9127789,99.5,-5.3282588,-1.09343936,95.8,-2.34454638,-1.33882595,96.7,-1.42711519,-1.72764228
2014年01月份,98.6,-0.3033367,-0.70493454,100.6,-2.33009709,-2.98939248,97.1,-0.71574642,-0.91836735,98.4,0.1017294,-0.10152284
2013年12月份,99.3,0.91463415,-0.30120482,103.7,1.76643768,-2.90262172,98.0,1.23966942,-0.70921986,98.5,0.51020408,0.61287028
2013年11月份,99.6,1.6430248,-0.1003009,106.8,7.14285714,-1.20259019,98.7,3.81823919,-0.40363269,97.9,-1.55857215,0.0
2013年10月份,99.7,2.46659815,0.10040161,108.1,12.13692946,1.31208997,99.1,6.55913978,-0.60180542,97.9,-1.70682731,-0.30549898
2013年09月份,99.6,3.53430353,0.2920149,106.7,10.11351909,1.31991264,99.7,10.28761062,1.7762352,98.2,-0.30456853,-0.06106249
2013年08月份,99.31,3.33564679,0.47551599,105.31,7.2001531,-0.73522481,97.96,6.5030344,2.39364482,98.26,1.11352478,0.48062174
2013年07月份,98.84,2.63759086,0.75433231,106.09,11.08900524,1.61877395,95.67,1.45281018,-0.13569937,97.79,0.19467213,2.29079498
2013年06月份,98.1,0.61538462,0.40941658,104.4,7.73993808,1.953125,95.8,0.6302521,-0.7253886,95.6,-4.68594217,1.48619958
2013年05月份,97.7,-1.21334681,-0.20429009,102.4,1.58730159,-1.06280193,96.5,-0.61791967,0.10373444,94.2,-8.4548105,-0.84210526
2013年04月份,97.9,-2.002002,-0.4069176,103.5,2.17176703,1.91020087,96.4,-1.43149284,-1.58244002,95.0,-9.86717268,-2.3939176
2013年03月份,98.3,-1.99401795,-0.60667341,101.56,0.25666338,-3.36822074,97.95,-0.3560529,-0.1529052,97.33,-8.52443609,-0.78491335
2013年02月份,98.9,-1.68986083,0.0,105.1,4.05940594,2.03883495,98.1,-0.90909091,0.30674847,98.1,-7.88732394,-0.2034588
2013年01月份,98.9,-2.36920039,0.50813008,103.0,-0.48309179,1.0794897,97.8,-2.00400802,1.03305785,98.3,-8.13084112,0.30612245
2012年12月份,98.4,-3.78814619,0.41841004,101.9,-2.67951284,2.22712681,96.8,-3.91353807,1.81971179,98.0,-10.05031675,-1.45801911
2012年11月份,97.99,-5.04844961,0.70914697,99.68,-4.4295302,3.40248963,95.07,-9.11089866,2.22580645,99.45,-8.34101382,-0.15060241
2012年10月份,97.3,-8.09353113,1.14345114,96.4,-13.12881357,-0.51599587,93.0,-15.62199744,2.87610619,99.6,-9.72037791,1.11675127
2012年09月份,96.2,-11.25461255,0.09957931,96.9,-15.37117904,-1.36079351,90.4,-21.11692845,-1.71626878,98.5,-11.81736795,1.36049452
2012年08月份,96.1043,-11.74995409,-0.20321911,98.2368,-13.4477533,2.86575916,91.9786,-19.87926829,-2.46171792,97.1779,-13.156479,-0.43247951
2012年07月份,96.3,-12.21513218,-1.23076923,95.5,-18.23630137,-1.44478844,94.3,-16.84303351,-0.94537815,97.6,-12.70125224,-2.69192423
2012年06月份,97.5,-10.95890411,-1.41557128,96.9,-17.74193548,-3.86904762,95.2,-15.45293073,-1.95674562,100.3,-9.5581605,-2.52672498
2012年05月份,98.9,-9.09926471,-1.001001,100.8,-12.49612613,-0.49358342,97.1,-12.40185805,-0.71574642,102.9,-6.13831691,-2.37191651
2012年04月份,99.9,-7.92626728,-0.39880359,101.3,-13.27054795,0.0,97.8,-12.91184328,-0.508647,105.4,-3.39138405,-0.93984962
2012年03月份,100.3,-8.23421775,-0.29821074,101.3,-15.72379368,0.2970297,98.3,-14.14847162,-0.70707071,106.4,-1.75438596,-0.09389671
2012年02月份,100.6,-7.45170193,-0.69101678,101.0,-15.48117155,-2.41545894,99.0,-13.91304348,-0.80160321,106.5,0.0,-0.46728972
2012年01月份,101.3,-6.2037037,-0.95263424,103.5,-12.43654822,-1.15141884,99.8,-11.44631766,-0.93565185,107.0,0.75329567,-1.78963156
2011年12月份,102.2743,-5.21380908,-0.89699612,104.7056,-9.03075586,0.38887824,100.7426,-12.01519651,-3.68776291,108.9498,3.17215909,0.41456221
2011年11月份,103.2,-4.97237569,-2.52057978,104.3,-11.53519932,-6.00970182,104.6,-7.26950355,-5.09742937,108.5,1.02420857,-1.65322292
2011年10月份,105.8685,-1.79174397,-2.3353321,110.9689,-4.00614187,-3.08393013,110.2183,-0.525,-3.82347295,110.3239,2.81817335,-1.23196061
2011年09月份,108.4,2.16776626,-0.45913682,114.5,2.23214286,0.88105727,114.6,2.87253142,-0.17421603,111.7,4.98120301,-0.17873101
2011年08月份,108.9,2.73584906,-0.72926162,113.5,-0.35118525,-2.82534247,114.8,3.23741007,1.2345679,111.9,3.61111111,0.08944544
2011年07月份,109.7,3.58829084,0.1826484,116.8,3.73001776,-0.84889643,113.4,-0.08810573,0.71047957,111.8,3.13653137,0.81154193
2011年06月份,109.5,2.72045028,0.64338235,117.8,4.71111111,2.26147165,112.6,-2.51082251,1.58136749,110.9,-2.2907489,1.15899567
2011年05月份,108.8,1.58730159,0.2764977,115.1949,2.85258929,-1.37422945,110.8471,-5.09666096,-1.2937667,109.6294,-6.53930094,0.4852429
2011年04月份,108.5,1.78236398,-0.73193047,116.8,6.18181818,-2.82861897,112.3,-2.85467128,-1.92139738,109.1,-7.22789116,0.73868883
2011年03月份,109.3,3.50378788,0.55197792,120.2,10.98799631,0.58577406,114.5,-0.77989601,-0.43478261,108.3,-7.98640612,1.69014085
2011年02月份,108.7,2.83822138,0.64814815,119.5,7.55107551,1.0998308,115.0,1.3751763,2.04081633,106.5,-10.62437059,0.28248588
2011年01月份,108.0,3.36906585,0.09267841,118.2,9.5255745,2.69331017,112.7,-1.93177863,-1.5720524,106.2,-8.31390831,0.56818182
2010年12月份,107.9,4.39241486,-0.64456722,115.1,6.91064462,-2.37489398,114.5,0.58859703,1.5070922,105.6,-3.50877193,-1.67597765
2010年11月份,108.6,8.17810539,0.74211503,117.9,12.60744986,1.98961938,112.8,4.32852386,1.80505415,107.4,10.16514514,0.09319664
2010年10月份,107.8,11.94184839,1.60226202,115.6,15.25423729,3.21428571,110.8,13.75770021,-0.53859964,107.3,19.08990011,0.84586466
2010年09月份,106.1,12.7883491,0.09433962,112.0,12.03361008,-1.66812994,111.4,24.90189483,0.17985612,106.4,22.08835341,-1.48148148
2010年08月份,106.0,14.10118407,0.09442871,113.9,17.0606372,1.15452931,111.2,27.3768614,-2.02643172,108.0,28.72467223,-0.36900369
2010年07月份,105.9,15.10869565,-0.65666041,112.6,16.92627207,0.08888889,113.5,34.79809976,-1.73160173,108.4,27.52941176,-4.49339207
2010年06月份,106.6,15.86956522,-0.46685341,112.5,17.80104712,0.44642857,115.5,35.56338028,-1.1130137,113.5,32.43873979,-3.23955669
2010年05月份,107.1,15.90909091,0.46904315,112.0,16.91022965,1.81818182,116.8,37.25029377,1.03806228,117.3,34.6727899,-0.25510204
2010年04月份,106.6,14.74703983,0.9469697,110.0,14.4640999,1.56971376,115.6,34.41860465,0.17331023,117.6,34.55377574,-0.08496177
2010年03月份,105.6,13.0620985,-0.09460738,108.3,12.21635064,-2.52902529,115.4,35.82862524,1.72778561,117.7,33.53755389,-1.22524337
2010年02月份,105.7,12.44680851,1.1676876,111.11,17.70127119,2.95589325,113.44,29.79405034,-1.28785242,119.16,34.94903737,2.87490287
2010年01月份,104.48,9.02640092,1.08359133,107.92,10.14492754,0.24150102,114.92,30.53157656,0.9575683,115.83,27.8759108,5.83881579
2009年12月份,103.36,6.64465539,2.958462,107.66,9.24403856,2.82712512,113.83,27.62641552,5.28116907,109.44,13.76299376,12.25766745
2009年11月份,100.39,0.8032935,4.24714434,104.7,4.50144725,4.38683948,108.12,15.48814356,11.00616016,97.49,-9.5556174,8.20199778
2009年10月份,96.3,-7.43054888,2.3705751,100.3,-3.79819682,0.33009903,97.4,-6.16570328,9.20506783,90.1,-24.36833711,3.38496845
2009年09月份,94.07,-12.08411215,1.25941873,99.97,-4.74511672,2.74409044,89.19,-20.58587837,2.16494845,87.15,-29.81961669,3.87365912
2009年08月份,92.9,-14.10078595,0.97826087,97.3,-7.076688,1.0384216,87.3,-24.41558442,3.68171021,83.9,-33.82236946,-1.29411765
2009年07月份,92.0,-15.90493601,0.0,96.3,-9.83146067,0.83769634,84.2,-28.82502113,-1.17370892,85.0,-32.91239148,-0.8168028
2009年06月份,92.0,-15.98173516,-0.43290043,95.5,-12.46562786,-0.3131524,85.2,-26.99228792,0.11750881,85.7,-29.29042904,-1.60734788
2009年05月份,92.4,-15.71650096,-0.53821313,95.8,-14.12692721,-0.31217482,85.1,-27.60527435,-1.04651163,87.1,-25.49824651,-0.34324943
2009年04月份,92.9,-15.77515866,-0.53533191,96.1,-15.59810293,-0.42482644,86.0,-29.57746479,1.22410546,87.4,-25.41389316,-0.83957341
2009年03月份,93.4,-15.24500907,-0.63829787,96.51,-15.41630149,2.23516949,84.96,-31.22318465,-2.79176201,88.14,-23.58245188,-0.18120045
2009年02月份,94.0,-13.91941392,-1.90963164,94.4,-16.73282173,-3.6538069,87.4,-27.60705707,-0.7269423,88.3,-22.63886455,-2.51711195
2009年01月份,95.83,-11.56330749,-1.12463888,97.98,-13.13059668,-0.57838661,88.04,-26.3756481,-1.28938222,90.58,-19.45580651,-5.84199584
2008年12月份,96.92,-9.92565056,-2.68099207,98.55,-11.45552561,-1.63688991,89.19,-23.96419437,-4.73189489,96.2,-14.03038427,-10.7523889
2008年11月份,99.59,-7.27188082,-4.26799962,100.19,-12.19106047,-3.90370228,93.62,-19.63948498,-9.80732177,107.79,-1.11009174,-9.51901284
2008年10月份,104.03,-2.31924883,-2.77570093,104.26,-7.81609195,-0.65745593,103.8,-10.44003451,-7.57724156,119.13,15.32429816,-4.0666774
2008年09月份,107.0,0.75329567,-1.06333796,104.95,-7.61443662,0.22920447,112.31,-2.67764298,-2.76190476,124.18,22.95049505,-2.05079666
2008年08月份,108.15,1.54929577,-1.14259598,104.71,-9.49870354,-1.95692884,115.5,0.43478261,-2.36686391,126.78,25.52475248,0.06314128
2008年07月份,109.4,3.11027333,-0.0913242,106.8,-7.21112076,-2.10815765,118.3,2.86956522,1.37103685,126.7,25.69444444,4.5379538
2008年06月份,109.5,3.88994307,-0.11858068,109.1,-3.19432121,-2.20509143,116.7,1.12651646,-0.72309655,121.2,18.359375,3.66948935
2008年05月份,109.63,4.31018078,-0.60743427,111.56,0.23360288,-2.02002459,117.55,1.95143105,-3.74222077,116.91,13.17521781,-0.23041475
2008年04月份,110.3,5.44933078,0.0907441,113.86,4.36296975,-0.21034181,122.12,8.45470693,-1.14142314,117.18,13.43659245,1.59528351
2008年03月份,110.2,5.75815739,0.91575092,114.1,5.84415584,0.64390932,123.53,11.38863841,2.31922472,115.34,11.76356589,1.05134046
2008年02月份,109.2,4.49760766,0.7751938,113.37,4.39226519,0.51422998,120.73,8.66786679,0.96169928,114.14,9.53934741,1.49386449
2008年01月份,108.36,3.59464627,0.7063197,112.79,4.62894249,1.33872417,119.58,4.34554974,1.94373402,112.46,5.10280374,0.50044683
2007年12月份,107.6,2.37868696,0.18621974,111.3,0.90661831,-2.45398773,117.3,1.82291667,0.68669528,111.9,5.466541,2.66055046
2007年11月份,107.4,3.17002882,0.84507042,114.1,6.43656716,0.8841733,116.5,-0.76660988,0.51768766,109.0,3.41555977,5.517909
2007年10月份,106.5,2.60115607,0.28248588,113.1,6.39698965,-0.44014085,115.9,-0.0862069,0.43327556,103.3,-3.45794393,2.27722772
2007年09月份,106.2,2.50965251,-0.28169014,113.6,7.57575758,-1.81503889,115.4,1.58450704,0.34782609,101.0,-8.01457195,0.0
2007年08月份,106.5,3.49854227,0.37700283,115.7,11.03646833,0.52128584,115.0,1.95035461,0.0,101.0,-8.43155032,0.1984127
2007年07月份,106.1,3.51219512,0.66413662,115.1,11.74757282,2.12954747,115.0,2.58697591,-0.34662045,100.8,-8.69565217,-1.5625
2007年06月份,105.4,3.03030303,0.28544244,112.7,9.73709834,1.25786164,115.4,4.33996383,0.08673027,102.4,-6.99364214,-0.87124879
2007年05月份,105.1,3.54679803,0.47801147,111.3,10.41666667,2.01649863,115.3,5.90612657,2.39786856,103.3,-6.66787134,0.0
2007年04月份,104.6,3.56435644,0.38387716,109.1,7.80632411,1.20593692,112.6,4.64684015,1.53291253,103.3,-7.60286225,0.09689922
2007年03月份,104.2,3.40379081,-0.28708134,107.8,6.71154227,-0.73664825,110.9,2.74226422,-0.180018,103.2,-9.9790649,-0.9596929
2007年02月份,104.5,3.76328071,-0.09560229,108.6,8.61086109,0.74211503,111.1,1.95466642,-3.05410122,104.2,-9.27296474,-2.61682243
2007年01月份,104.6,3.45168628,-0.47573739,107.8,6.43759874,-2.26654578,114.6,8.56384994,-0.52083333,107.0,-7.7904171,0.84825636
2006年12月份,105.1,4.30726479,0.96061479,110.3,10.2889711,2.89179104,115.2,9.05992616,-1.87393526,106.1,-8.27353679,0.66413662
2006年11月份,104.1,3.36610069,0.28901734,107.2,8.21724208,0.8466604,117.4,11.95880221,1.20689655,105.4,-10.71579839,-1.4953271
2006年10月份,103.8,2.84355494,0.19305019,106.3,8.11635476,0.66287879,116.0,9.00206728,2.11267606,107.0,-11.4018382,-2.55009107
2006年09月份,103.6,2.13940649,0.68027211,105.6,6.85014672,1.34357006,113.6,4.04836051,0.70921986,109.8,-9.49554896,-0.45330916
2006年08月份,102.9,0.75394106,0.3902439,104.2,4.62897881,1.16504854,112.8,1.76831469,0.62444246,110.3,-10.49257486,-0.09057971
2006年07月份,102.5,-0.21417445,0.19550342,103.0,2.76364362,0.29211295,112.1,1.00919085,1.3562387,110.4,-10.65792668,0.27247956
2006年06月份,102.3,-0.68925347,0.78817734,102.7,2.39282154,1.88492063,110.6,-0.88717627,1.58905116,110.1,-10.35661944,-0.52403325
2006年05月份,101.5,-1.60915083,0.4950495,100.8,-0.07930214,-0.39525692,108.87,-1.26961095,1.1802974,110.68,-9.67110095,-1.00178891
2006年04月份,101.0,-1.76052913,0.22824253,101.2,-0.24642681,0.17818254,107.6,-1.68128655,-0.31498981,111.8,-7.27378286,-2.47732031
2006年03月份,100.77,-2.61886355,0.059577,101.02,-2.56558642,1.03010301,107.94,-2.1218716,-0.94521428,114.64,-4.04285595,-0.18284719
2006年02月份,100.71,-3.92100744,-0.39560874,99.99,-7.34803558,-1.27369668,108.97,-2.03182595,3.2303903,114.85,-3.34932256,-1.02550845
2006年01月份,101.11,-3.40116557,0.34736006,101.28,-4.65072491,1.26987301,105.56,-8.8664422,-0.06626905,116.04,0.18130018,0.31987551
2005年12月份,100.76,-4.3387449,0.0496475,100.01,-5.86408133,0.95901474,105.63,-7.73866713,0.73431242,115.67,-1.94964822,-2.01609488
2005年11月份,100.71,-5.28543215,-0.21797285,99.06,-7.87687157,0.75264443,104.86,-8.54700855,-1.46588987,118.05,-1.41962422,-2.25221495
2005年10月份,100.93,-6.69316816,-0.4929508,98.32,-11.80480804,-0.51603764,106.42,-9.10488555,-2.52793552,120.77,2.01892212,-0.45334652
2005年09月份,101.43,-7.47126437,-0.68540096,98.83,-14.04592103,-0.76312883,109.18,-7.03337875,-1.49765428,121.32,3.45356869,-1.54994725
2005年08月份,102.13,-6.71355499,-0.57437695,99.59,-14.24265909,-0.63853138,110.84,-4.33281547,-0.12614886,123.23,7.03552506,-0.27514769
2005年07月份,102.72,-6.06310014,-0.28152607,100.23,-14.24537988,-0.06979063,110.98,-3.49565217,-0.54664396,123.57,8.55661952,0.61064973
2005年06月份,103.01,-5.7375549,-0.1454052,100.3,-14.54375053,-0.57494052,111.59,-2.54148472,1.19706176,122.82,8.67103168,0.23667673
2005年05月份,103.16,-5.73830409,0.34043381,100.88,-14.76130123,-0.56185313,110.27,-5.404478,0.75840643,122.53,11.16857195,1.62561168
2005年04月份,102.81,-5.90334981,-0.64746811,101.45,-13.29059829,-2.15084877,109.44,-6.32543011,-0.7616975,120.57,12.64013453,0.92073324
2005年03月份,103.48,-4.48587779,-1.27838199,103.68,-9.3864709,-3.92883617,110.28,-4.37873927,-0.85408613,119.47,14.29254759,0.53858453
2005年02月份,104.82,-2.04653771,0.14330754,107.92,-2.87102871,1.60045189,111.23,-2.01726568,-3.9713373,118.83,13.97467869,2.59000259
2005年01月份,104.67,-1.95766205,-0.62660211,106.22,-3.86460313,-0.0188253,115.83,6.22707263,1.1704079,115.83,8.9037232,-1.81402051
