时间,开盘,最高,最低,收盘,涨跌,涨跌幅,成交量,成交额,持仓量
2025-07-23,4117.0,4146.6,4097.2,4109.2,12.6,0.31,76014,93970695000.0,161682
2025-07-22,4067.0,4110.8,4051.0,4109.8,45.4,1.12,69503,85105233920.0,162828
2025-07-21,4055.2,4070.8,4044.6,4064.8,29.6,0.73,49413,60172324864.0,152831
2025-07-18,4018.8,4046.0,4015.2,4041.8,36.4,0.91,59958,72532885504.0,157186
2025-07-17,3976.0,4012.0,3972.2,4011.8,37.0,0.93,49872,59754536704.0,153281
2025-07-16,3981.2,3998.6,3958.8,3971.0,-10.4,-0.26,45629,54457211648.0,147324
2025-07-15,3991.0,4012.0,3952.6,3980.6,-9.6,-0.24,62583,74761244672.0,152828
2025-07-14,3993.6,4002.8,3984.8,3985.8,-13.0,-0.33,37589,45027631104.0,150188
2025-07-11,3977.0,4045.0,3971.2,3993.4,11.6,0.29,84781,101958541312.0,158393
2025-07-10,3956.2,3998.8,3952.0,3972.0,15.0,0.38,51019,60791079424.0,144324
2025-07-09,3958.6,3978.0,3948.0,3952.8,-6.4,-0.16,43451,51664696064.0,137184
2025-07-08,3921.2,3967.2,3920.2,3958.6,39.2,1.0,50571,59875855360.0,142398
2025-07-07,3932.2,3937.6,3907.0,3918.0,-12.0,-0.31,35769,42055366656.0,135826
2025-07-04,3918.2,3974.2,3905.0,3936.0,18.2,0.46,66892,78967377920.0,146863
2025-07-03,3899.6,3923.6,3891.0,3918.0,26.2,0.67,38088,44650619392.0,132375
2025-07-02,3890.2,3899.6,3872.2,3894.2,4.8,0.12,35301,41166342912.0,133038
2025-07-01,3889.2,3895.6,3867.0,3886.0,-1.0,-0.03,34558,40256999936.0,132977
2025-06-30,3881.2,3893.0,3867.0,3885.8,7.6,0.2,40077,46690762496.0,135428
2025-06-27,3911.0,3931.4,3874.0,3876.6,-29.0,-0.74,56221,65804936704.0,139367
2025-06-26,3915.2,3925.0,3901.2,3904.2,-9.0,-0.23,43176,50667651328.0,135683
2025-06-25,3856.0,3928.0,3851.2,3922.8,74.2,1.93,61056,71167971328.0,139245
2025-06-24,3804.6,3872.0,3804.0,3852.4,52.6,1.38,57535,66375270656.0,133116
2025-06-23,3765.0,3809.8,3760.6,3797.4,-52.1,-1.35,47208,53574576896.0,128778
2025-06-20,3841.0,3856.0,3841.0,3849.2,11.8,0.31,21186,24473347072.0,0
2025-06-19,3866.8,3867.4,3830.0,3840.4,-30.8,-0.8,43781,50574930688.0,37486
2025-06-18,3868.8,3879.2,3849.2,3872.2,8.8,0.23,52365,60726651648.0,55637
2025-06-17,3870.2,3877.4,3853.0,3868.6,-0.4,-0.01,53299,61799983104.0,71388
2025-06-16,3848.0,3874.4,3847.6,3869.8,14.6,0.38,57349,66455378688.0,83317
2025-06-13,3874.0,3878.0,3840.2,3856.4,-25.2,-0.65,60941,70498820096.0,104348
2025-06-12,3870.2,3889.8,3854.2,3883.6,2.2,0.06,51953,60397722368.0,102508
2025-06-11,3848.8,3902.6,3848.6,3878.8,34.4,0.89,69002,80384421888.0,115340
2025-06-10,3870.0,3878.8,3830.0,3841.0,-26.8,-0.69,64495,74591936512.0,112083
2025-06-09,3862.0,3883.6,3855.2,3867.8,14.0,0.36,57026,66193613056.0,119577
2025-06-06,3857.0,3870.4,3846.8,3855.4,-0.6,-0.02,43521,50331119360.0,110984
2025-06-05,3848.0,3865.0,3835.0,3852.0,8.2,0.21,49359,56973824512.0,116859
2025-06-04,3829.6,3855.6,3827.2,3842.4,15.6,0.41,47487,54768803328.0,116411
2025-06-03,3815.8,3841.4,3808.2,3824.8,4.2,0.11,52960,60772529408.0,123878
2025-05-30,3825.0,3830.8,3792.0,3822.4,-13.0,-0.34,63806,72961941504.0,122449
2025-05-29,3814.6,3853.6,3803.0,3832.8,26.0,0.68,70602,81183354880.0,136268
2025-05-28,3815.0,3821.6,3800.6,3805.0,-7.8,-0.2,45973,52541960448.0,129593
2025-05-27,3828.2,3834.6,3802.0,3809.2,-19.4,-0.51,54529,62438173184.0,140116
2025-05-26,3846.2,3856.8,3817.4,3831.2,-23.4,-0.61,62863,72338907136.0,138782
2025-05-23,3875.2,3904.8,3846.0,3846.2,-34.2,-0.88,78281,91052879872.0,152612
2025-05-22,3878.0,3889.8,3864.0,3879.6,-2.0,-0.05,52835,61474065408.0,143884
2025-05-21,3865.4,3894.6,3863.8,3881.2,16.6,0.43,56306,65586795264.0,146414
2025-05-20,3847.0,3878.0,3839.4,3865.4,24.2,0.63,52572,60844528384.0,150105
2025-05-19,3840.0,3848.0,3821.8,3843.2,-3.2,-0.08,48882,56235768064.0,149439
2025-05-16,3868.0,3876.8,3838.4,3846.0,-25.4,-0.66,55823,64522048256.0,154933
2025-05-15,3896.4,3905.8,3863.4,3872.8,-29.0,-0.74,59965,69812510720.0,153318
2025-05-14,3852.0,3933.2,3851.2,3907.4,56.0,1.45,81957,95552385024.0,164602
2025-05-13,3868.0,3872.0,3842.0,3851.0,1.4,0.04,45698,52834377472.0,143968
2025-05-12,3830.6,3858.8,3822.0,3853.0,47.0,1.23,61843,71246278656.0,152926
2025-05-09,3813.2,3815.2,3793.4,3808.6,-7.2,-0.19,39940,45586877952.0,138820
2025-05-08,3778.0,3836.2,3775.6,3816.0,37.8,1.0,58985,67464235776.0,146021
2025-05-07,3820.0,3835.0,3770.2,3785.0,19.2,0.51,56105,63820285696.0,141994
2025-05-06,3734.0,3772.0,3733.2,3766.2,42.2,1.13,47831,53917302272.0,138953
2025-04-30,3725.8,3748.0,3715.6,3716.2,-9.6,-0.26,42386,47427717376.0,136357
2025-04-29,3729.0,3739.0,3715.4,3724.8,-8.0,-0.21,37569,41994838528.0,134140
2025-04-28,3737.0,3741.0,3716.8,3730.6,-7.0,-0.19,38102,42649774592.0,134340
2025-04-25,3745.0,3760.0,3730.2,3739.2,2.2,0.06,47168,52988861696.0,136227
2025-04-24,3736.2,3759.8,3720.6,3736.8,1.6,0.04,48747,54702782464.0,136827
