报告日,经营活动产生的现金流量,销售商品、提供劳务收到的现金,客户存款和同业存放款项净增加额,向中央银行借款净增加额,向其他金融机构拆入资金净增加额,收到原保险合同保费取得的现金,收到再保险业务现金净额,保户储金及投资款净增加额,处置交易性金融资产净增加额,收取利息、手续费及佣金的现金,拆入资金净增加额,回购业务资金净增加额,收到的税费返还,收到的其他与经营活动有关的现金,经营活动现金流入小计,购买商品、接受劳务支付的现金,客户贷款及垫款净增加额,存放中央银行和同业款项净增加额,支付原保险合同赔付款项的现金,支付利息、手续费及佣金的现金,支付保单红利的现金,支付给职工以及为职工支付的现金,支付的各项税费,支付的其他与经营活动有关的现金,经营活动现金流出小计,经营活动产生的现金流量净额,投资活动产生的现金流量,收回投资所收到的现金,取得投资收益收到的现金,处置固定资产、无形资产和其他长期资产所收回的现金净额,处置子公司及其他营业单位收到的现金净额,收到的其他与投资活动有关的现金,减少质押和定期存款所收到的现金,处置可供出售金融资产净增加额,投资活动现金流入小计,购建固定资产、无形资产和其他长期资产所支付的现金,投资所支付的现金,质押贷款净增加额,取得子公司及其他营业单位支付的现金净额,增加质押和定期存款所支付的现金,支付的其他与投资活动有关的现金,投资活动现金流出小计,投资活动产生的现金流量净额,筹资活动产生的现金流量,吸收投资收到的现金,子公司吸收少数股东投资收到的现金,取得借款收到的现金,发行债券收到的现金,收到其他与筹资活动有关的现金,筹资活动现金流入小计,偿还债务支付的现金,分配股利、利润或偿付利息所支付的现金,子公司支付给少数股东的股利、利润,支付其他与筹资活动有关的现金,筹资活动现金流出小计,筹资活动产生的现金流量净额,汇率变动对现金及现金等价物的影响,现金及现金等价物净增加额,期初现金及现金等价物余额,现金的期末余额,现金的期初余额,现金等价物的期末余额,现金等价物的期初余额,期末现金及现金等价物余额,数据源,是否审计,公告日期,币种,类型,更新日期
20250331,,111139836000.0,,,,,,,,,,,1395114000.0,6572116000.0,119107066000.0,69577367000.0,,,,,,7189748000.0,7120777000.0,2350917000.0,86238809000.0,32868257000.0,,1598211000.0,183232000.0,30260000.0,,,,,1811704000.0,10342606000.0,9131508000.0,,,,108144000.0,19582258000.0,-17770554000.0,,235710000.0,235710000.0,11432923000.0,,119264000.0,11787897000.0,4911352000.0,6104208000.0,98000000.0,70925000.0,11086486000.0,701411000.0,341988000.0,16141103000.0,270159734000.0,,,,,286300836000.0,定期报告,未审计,20250415,CNY,合并期末,2025-04-14T21:44:03
20241231,,417525378000.0,,,,,,,,,,,10506188000.0,16847851000.0,444879417000.0,285455632000.0,,,,,,25499653000.0,28529188000.0,8404599000.0,347889072000.0,96990345000.0,,2028899000.0,1838083000.0,75110000.0,,963920000.0,,,4906012000.0,31179943000.0,22169451000.0,,244022000.0,,187907000.0,53781323000.0,-48875311000.0,,2560428000.0,1959694000.0,30540129000.0,,292179000.0,33392735000.0,19972240000.0,25807432000.0,496051000.0,2137299000.0,47916971000.0,-14524236000.0,-1596552000.0,31994247000.0,238165487000.0,270159734000.0,238165487000.0,,,270159734000.0,定期报告,是,20250315,CNY,合并期末,2025-03-14T20:15:06
20240930,,317539939100.0,,,,,,,,,,,8174888000.0,10828118000.0,336542945100.0,220637018600.0,,,,,,19328624300.0,23235105400.0,5898595800.0,269099344000.0,67443601100.0,,512532700.0,1472067000.0,55631200.0,,525584000.0,,,2565814800.0,21268347400.0,28950734900.0,,241214500.0,,,50460296800.0,-47894481900.0,,1910761000.0,1488073700.0,17823560900.0,,,19734321900.0,13951582300.0,24858845700.0,496051400.0,1419576600.0,40230004500.0,-20495682600.0,-2265019600.0,-3211583000.0,238165486900.0,,,,,234953903900.0,定期报告,未审计,20241019,CNY,合并期末,2024-10-18T19:50:07
20240630,,210078821800.0,,,,,,,,,,,5605173900.0,7381135500.0,223065131100.0,144250502500.0,,,,,,13195573200.0,17902671600.0,3007429200.0,178356176500.0,44708954600.0,,316453600.0,225161100.0,17754100.0,,529335100.0,,,1088703800.0,13830127900.0,21905527500.0,,231440800.0,,,35967096200.0,-34878392400.0,,423072500.0,423072500.0,15587835400.0,,,16010907800.0,10135075800.0,23896998200.0,45880400.0,1154620200.0,35186694200.0,-19175786400.0,-1754412700.0,-11099637000.0,238165486900.0,227065849900.0,238165486900.0,,,227065849900.0,定期报告,未审计,20240727,CNY,合并期末,2024-07-26T19:35:03
20240331,,102413594000.0,,,,,,,,,,,3186711000.0,4564715000.0,110165019000.0,68969931000.0,,,,,,5633347000.0,5717763000.0,1486068000.0,81807109000.0,28357911000.0,,135951000.0,33934000.0,14952000.0,,11111000.0,,,195947000.0,7081546000.0,70747000.0,,210693000.0,,740817000.0,8103803000.0,-7907856000.0,,89899000.0,89899000.0,11920790000.0,,,12010689000.0,5090699000.0,813200000.0,22940000.0,602527000.0,6506425000.0,5504264000.0,-1011613000.0,24942706000.0,238165487000.0,,,,,263108193000.0,定期报告,未审计,20250415,CNY,合并期末,2024-04-15T20:10:06
20231231,,417943223000.0,,,,,,,,,,,12739610000.0,15724664000.0,446407497000.0,310521178000.0,,,,,,21140597000.0,17117192000.0,4802406000.0,353581373000.0,92826124000.0,,7651158000.0,1711393000.0,12853000.0,3307000.0,1239799000.0,,,10618510000.0,33624897000.0,5649689000.0,,321445000.0,,210243000.0,39806274000.0,-29187764000.0,,3323996000.0,2926448000.0,46595746000.0,,366758000.0,50286501000.0,23795322000.0,9481093000.0,469828000.0,2293723000.0,35570138000.0,14716363000.0,2181447000.0,80536170000.0,157629317000.0,238165487000.0,157629317000.0,,,238165487000.0,定期报告,是,20250315,CNY,合并期末,2024-03-15T20:30:02
20230930,,298649159300.0,,,,,,,,,,,10179455400.0,10019408600.0,318848023200.0,233164147500.0,,,,,,15791826300.0,13852837500.0,3385519700.0,266194330900.0,52653692300.0,,4803588500.0,1197789500.0,6339500.0,,3388378500.0,,,9396095900.0,26917282900.0,2415394900.0,,,,547300.0,29333225100.0,-19937129100.0,,2010768500.0,1876232800.0,39935305000.0,,103628500.0,42049702100.0,18289107600.0,8860917300.0,469828200.0,49020400.0,27199045400.0,14850656700.0,1928720700.0,49495940500.0,157629317200.0,,,,,207125257700.0,定期报告,未审计,20241019,CNY,合并期末,2023-10-19T20:20:02
20230630,,202447361600.0,,,,,,,,,,,6619428100.0,7066371300.0,216133160900.0,156679795700.0,,,,,,10977957600.0,9392587400.0,2012450500.0,179062791200.0,37070369800.0,,4324858000.0,650523900.0,,,3156756300.0,,,8132138200.0,18452610700.0,1796910300.0,,,,,20249521000.0,-12117382800.0,,1560306700.0,1560306700.0,23407941000.0,,,24968247700.0,10969930700.0,7571774200.0,61328200.0,240759100.0,18782464000.0,6185783700.0,3535293800.0,34674064400.0,157629317200.0,192303381700.0,157629317200.0,,,192303381700.0,定期报告,未审计,20240727,CNY,合并期末,2023-07-25T20:50:03
20230331,,100373116000.0,,,,,,,,,,,2228192200.0,3090305100.0,105691613300.0,74461164100.0,,,,,,4975038100.0,4321756000.0,967376600.0,84725334900.0,20966278500.0,,4538242300.0,1001598900.0,,,641947900.0,,,6181789100.0,10465642800.0,1523083000.0,,,,,11988725800.0,-5806936600.0,,1306666700.0,1306666700.0,13568065400.0,,,14874732100.0,7266142400.0,1026620400.0,61328200.0,1224165000.0,9516927800.0,5357804200.0,-393399200.0,20123746900.0,157629317200.0,,,,,177753064100.0,定期报告,未审计,20240416,CNY,合并期末,2023-04-20T20:00:07
20221231,,305775248400.0,,,,,,,,,,,9478689900.0,14557214600.0,329811152800.0,235327104000.0,,,,,,18157352000.0,10529733400.0,4588120100.0,268602309600.0,61208843300.0,,1307996200.0,740372300.0,593900.0,,1531307500.0,,,3580269900.0,48215268100.0,12764660700.0,,,,6740182400.0,67720111200.0,-64139841300.0,,47455207300.0,2092259300.0,50957726600.0,,5208177600.0,103621111500.0,17605770500.0,3551469400.0,,197440400.0,21354680400.0,82266431200.0,2788148900.0,82123582000.0,75505735200.0,157629317200.0,75505735200.0,,,157629317200.0,定期报告,是,20240316,CNY,合并期末,2023-03-09T22:10:03
20220930,,192085714500.0,,,,,,,,,,,7811257200.0,8926725200.0,208823696800.0,159150089400.0,,,,,,13081486800.0,7285509900.0,3338662100.0,182855748200.0,25967948600.0,,563479800.0,655282800.0,,,377572800.0,,,1596335400.0,35722696500.0,8686444400.0,,,,850000600.0,45259141500.0,-43662806000.0,,46827509200.0,1962509400.0,35913561100.0,,206959000.0,82948029300.0,12923179000.0,3055573400.0,,95957200.0,16074709600.0,66873319700.0,2913476400.0,52091938700.0,75505735200.0,,,,,127597674000.0,定期报告,未审计,20231020,CNY,合并期末,2022-10-21T20:35:03
