时间,开盘,最高,最低,收盘,涨跌,涨跌幅,成交量,成交额,持仓量
2025-07-23,7370,7371,7261,7288,-18,-0.25,313961,11491651430,388381
2025-07-22,7287,7373,7264,7368,92,1.26,384173,14035752960,394148
2025-07-21,7225,7308,7224,7290,65,0.9,348003,12661620736,407554
2025-07-18,7218,7254,7203,7216,7,0.1,262918,9497967104,425673
2025-07-17,7204,7223,7196,7215,0,0.0,181546,6544636416,434235
2025-07-16,7221,7235,7204,7214,-29,-0.4,204285,7370385664,436852
2025-07-15,7285,7292,7208,7221,-63,-0.86,307485,11135602688,433865
2025-07-14,7295,7314,7250,7284,-18,-0.25,307887,11214726144,421336
2025-07-11,7322,7335,7276,7291,-18,-0.25,274059,10006548480,432521
2025-07-10,7282,7343,7272,7329,72,0.99,259602,9487208960,438823
2025-07-09,7246,7284,7239,7278,28,0.39,218535,7929787136,436321
2025-07-08,7255,7264,7240,7245,-5,-0.07,209361,7590161664,448580
2025-07-07,7272,7277,7229,7247,-61,-0.83,255068,9246657024,448912
2025-07-04,7298,7340,7277,7282,-11,-0.15,301296,11009615360,448681
2025-07-03,7300,7320,7266,7284,21,0.29,243442,8877602816,444132
2025-07-02,7240,7295,7237,7288,42,0.58,270161,9810939136,443293
2025-07-01,7266,7273,7219,7249,-37,-0.51,232978,8441839616,457867
2025-06-30,7302,7319,7260,7261,-47,-0.64,247044,9000005376,460498
2025-06-27,7300,7336,7285,7302,13,0.18,297767,10880429824,460583
2025-06-26,7261,7335,7260,7300,52,0.72,381432,13902205696,471020
2025-06-25,7240,7274,7218,7271,-20,-0.27,309550,11219376384,461763
2025-06-24,7421,7443,7165,7250,-172,-2.32,594765,21684501760,474026
2025-06-23,7406,7490,7374,7444,-2,-0.03,421810,15654480384,477335
2025-06-20,7470,7494,7401,7415,-28,-0.38,414225,15422849280,484524
2025-06-19,7425,7479,7397,7462,71,0.96,432373,16092665088,478375
2025-06-18,7333,7430,7333,7418,124,1.7,431735,15955391488,476259
2025-06-17,7310,7329,7246,7317,37,0.51,473370,17265665792,486231
2025-06-16,7266,7341,7219,7338,127,1.76,455032,16563413760,477702
2025-06-13,7100,7308,7066,7258,134,1.88,662862,23902307840,494228
2025-06-12,7121,7149,7097,7117,12,0.17,284951,10150170624,529576
2025-06-11,7105,7124,7085,7102,3,0.04,253230,8997080064,536103
2025-06-10,7082,7139,7049,7106,27,0.38,324522,11519146496,530962
2025-06-09,7066,7098,7061,7078,6,0.08,249544,8833045504,545370
2025-06-06,7045,7105,7044,7066,23,0.33,342343,12105469184,543941
2025-06-05,7036,7085,7017,7034,23,0.33,351131,12366031872,544158
2025-06-04,6975,7060,6965,7049,76,1.09,344165,12066187776,555015
2025-06-03,7000,7010,6944,6963,-11,-0.16,250761,8743204096,565965
2025-05-30,6990,7001,6946,6960,-31,-0.44,311232,10854185216,548604
2025-05-29,6985,7040,6936,7025,36,0.52,415473,14524206848,543284
2025-05-28,7005,7013,6961,6972,-59,-0.84,341402,11930913536,532123
2025-05-27,7074,7080,6996,7007,-73,-1.03,360383,12669705984,527221
2025-05-26,7070,7118,7055,7080,-40,-0.56,330305,11694040064,513654
2025-05-23,7151,7155,7080,7085,-103,-1.43,330416,11762828288,515936
2025-05-22,7215,7224,7150,7159,-73,-1.01,299966,10782238720,515978
2025-05-21,7229,7265,7204,7221,-21,-0.29,321019,11608225792,517486
2025-05-20,7239,7264,7217,7222,-24,-0.33,314792,11398666496,511907
2025-05-19,7227,7279,7218,7238,-27,-0.37,321535,11650567680,514086
2025-05-16,7293,7294,7229,7236,-86,-1.17,299796,10890443264,518090
2025-05-15,7339,7357,7280,7298,25,0.34,460827,16872667392,527579
2025-05-14,7230,7339,7192,7339,190,2.66,564915,20545451520,529130
2025-05-13,7160,7205,7107,7187,164,2.34,455073,16267856640,536999
2025-05-12,6984,7095,6946,7090,76,1.08,471649,16563885056,540833
2025-05-09,7030,7048,6973,6976,-30,-0.43,263134,9228624384,544266
2025-05-08,7032,7039,6978,7016,-43,-0.61,274110,9603327488,535267
2025-05-07,7003,7123,7002,7046,36,0.51,348273,12292835072,520492
2025-05-06,7025,7074,6971,6987,-114,-1.61,296850,10405368320,533039
2025-04-30,7119,7124,7077,7083,-46,-0.65,231212,8209656832,478674
2025-04-29,7160,7163,7100,7122,-43,-0.6,261574,9324420864,490656
2025-04-28,7135,7189,7133,7164,16,0.22,281961,10101387776,482064
2025-04-25,7151,7181,7127,7150,0,0.0,280982,10042743040,492639
2025-04-24,7200,7211,7086,7149,-26,-0.36,480395,17175413248,479020
