报告日,经营活动产生的现金流量,销售商品、提供劳务收到的现金,客户存款和同业存放款项净增加额,向中央银行借款净增加额,向其他金融机构拆入资金净增加额,收到原保险合同保费取得的现金,收到再保险业务现金净额,保户储金及投资款净增加额,处置交易性金融资产净增加额,收取利息、手续费及佣金的现金,拆入资金净增加额,回购业务资金净增加额,收到的税费返还,收到的其他与经营活动有关的现金,经营活动现金流入小计,购买商品、接受劳务支付的现金,客户贷款及垫款净增加额,存放中央银行和同业款项净增加额,支付原保险合同赔付款项的现金,支付利息、手续费及佣金的现金,支付保单红利的现金,支付给职工以及为职工支付的现金,支付的各项税费,支付的其他与经营活动有关的现金,经营活动现金流出小计,经营活动产生的现金流量净额,投资活动产生的现金流量,收回投资所收到的现金,取得投资收益收到的现金,处置固定资产、无形资产和其他长期资产所收回的现金净额,处置子公司及其他营业单位收到的现金净额,收到的其他与投资活动有关的现金,减少质押和定期存款所收到的现金,处置可供出售金融资产净增加额,投资活动现金流入小计,购建固定资产、无形资产和其他长期资产所支付的现金,投资所支付的现金,质押贷款净增加额,取得子公司及其他营业单位支付的现金净额,增加质押和定期存款所支付的现金,支付的其他与投资活动有关的现金,投资活动现金流出小计,投资活动产生的现金流量净额,筹资活动产生的现金流量,吸收投资收到的现金,子公司吸收少数股东投资收到的现金,取得借款收到的现金,发行债券收到的现金,收到其他与筹资活动有关的现金,筹资活动现金流入小计,偿还债务支付的现金,分配股利、利润或偿付利息所支付的现金,子公司支付给少数股东的股利、利润,支付其他与筹资活动有关的现金,筹资活动现金流出小计,筹资活动产生的现金流量净额,汇率变动对现金及现金等价物的影响,现金及现金等价物净增加额,期初现金及现金等价物余额,现金的期末余额,现金的期初余额,现金等价物的期末余额,现金等价物的期初余额,期末现金及现金等价物余额,数据源,是否审计,公告日期,币种,类型,更新日期
20250331,,4995268680.7,,,,,,,,,,,120173495.67,290046953.84,5405489130.21,3233469183.14,,,,,,1832397063.47,383276831.78,668581645.82,6117724724.21,-712235594.0,,20227973.11,58757925.17,6379650.89,,7100459.8,,,92466008.97,751198907.66,43625000.0,,,,,794823907.66,-702357898.69,,295018202.0,36450000.0,1385045806.98,,,1680064008.98,486186926.99,38669505.36,427200.0,33385543.54,558241975.89,1121822033.09,1496868.59,-291274591.01,3110849275.22,,,,,2819574684.21,定期报告,未审计,20250422,CNY,合并期末,2025-04-21T20:20:06
20241231,,22908708903.11,,,,,,,,,,,317800942.77,1521207910.8,24747717756.68,13666948993.72,,,,,,4270976792.93,958167506.06,3356451009.05,22252544301.76,2495173454.92,,33255210.98,48262117.54,4988479.11,155775.12,24114460.77,,,110776043.52,3220014055.18,196036943.69,,,,,3416050998.87,-3305274955.35,,544144119.93,525605161.43,5390350662.03,,,5934494781.96,4672578950.2,406089694.47,6672316.22,317231148.56,5395899793.23,538594988.73,-554537.7,-272061049.4,3382910324.62,3110849275.22,3382910324.62,,,3110849275.22,定期报告,是,20250422,CNY,合并期末,2025-04-21T20:20:06
20240930,,14998789504.05,,,,,,,,,,,230600056.53,833200381.22,16062589941.8,10542935547.42,,,,,,3820491456.28,675995391.72,1844102561.47,16883524956.89,-820935015.09,,31177171.72,27628599.18,2903503.71,155775.12,11799627.37,,,73664677.1,2396083544.56,53955443.69,,,,,2450038988.25,-2376374311.15,,23658458.5,23658458.5,4114691280.47,,,4138349738.97,1244331173.6,352516387.9,6079513.25,169380207.78,1766227769.28,2372121969.69,-1217384.17,-826404740.72,3382910324.62,,,,,2556505583.9,定期报告,未审计,20241019,CNY,合并期末,2024-10-18T18:50:13
20240630,,9010490738.54,,,,,,,,,,,157288254.34,582788143.18,9750567136.06,6897836089.2,,,,,,2656819513.37,502270382.72,1229197405.28,11286123390.57,-1535556254.51,,30451303.72,8228360.96,2150603.13,,10058420.85,,,50888688.66,1654359699.72,41537782.94,,,,,1695897482.66,-1645008794.0,,4809500.0,4809500.0,3013762200.79,,,3018571700.79,786313405.94,78682644.97,6079513.25,168310094.55,1033306145.46,1985265555.33,4206067.51,-1191093425.67,3382910324.62,2191816898.95,3382910324.62,,,2191816898.95,定期报告,未审计,20240822,CNY,合并期末,2024-08-21T18:55:06
20240331,,4360236630.24,,,,,,,,,,,122046854.21,351943736.13,4834227220.58,3430951306.71,,,,,,1563378133.76,361034059.66,862999758.61,6218363258.74,-1384136038.16,,15990512.0,935218.63,1994670.58,,3523371.26,,,22443772.47,714771015.16,32361061.92,,,,,747132077.08,-724688304.61,,2450000.0,2450000.0,1424086374.75,,,1426536374.75,192189043.08,34845651.26,24513.25,0.0,227034694.34,1199501680.41,955596.38,-908367065.98,3382910324.62,,,,,2474543258.64,定期报告,未审计,20250422,CNY,合并期末,2024-04-22T21:20:08
20231231,,19036092030.17,,,,,,,,,,,286073064.32,951134899.45,20273299993.94,11995781358.77,,,,,,4403572451.25,889017105.86,2635171263.51,19923542179.39,349757814.55,,514498515.79,16390207.83,21878103.54,1593813.17,24636682.51,,,578997322.84,4081857600.58,475867978.49,,,,,4557725579.07,-3978728256.23,,192050000.0,192050000.0,4959532664.14,,,5151582664.14,1659050496.57,316020353.72,8755715.0,346807390.16,2321878240.45,2829704423.69,9321806.29,-789944211.7,4172854536.32,3382910324.62,4172854536.32,,,3382910324.62,定期报告,是,20250422,CNY,合并期末,2024-04-22T21:35:09
20230930,,11992395454.4,,,,,,,,,,,214628994.29,884292634.9,13091317083.59,8329158772.72,,,,0.0,0.0,3471653757.88,586400282.78,1875699533.78,14262912347.16,-1171595263.57,,504498515.79,15305414.82,15150819.2,1593813.17,19029541.08,,,555578104.06,1745551020.79,340364759.76,0.0,0.0,,395028.8,2086310809.35,-1530732705.29,,101050000.0,1050000.0,2327061643.49,,3250000.0,2431361643.49,152845483.86,279501235.91,7980418.7,249421776.65,681768496.42,1749593147.07,6271453.12,-946463368.67,4172854536.32,,,,,3226391167.65,定期报告,未审计,20241019,CNY,合并期末,2023-10-19T18:05:12
20230630,,7506395767.54,,,,,,,,,,,136371871.59,655732961.7,8298500600.83,5614896782.59,,,,,,2524621187.62,418095183.45,1269629276.28,9827242429.94,-1528741829.11,,425004074.45,15207167.7,14997638.43,,15797617.63,,,471006498.21,1023977951.18,294323943.76,,,,,1318301894.94,-847295396.73,,101050000.0,1050000.0,1995873643.49,,,2096923643.49,102637257.13,33449743.24,7000418.7,249421776.65,385508777.02,1711414866.47,9295528.9,-655326830.47,4172854536.32,3517527705.85,4172854536.32,,,3517527705.85,定期报告,未审计,20240822,CNY,合并期末,2023-08-11T20:00:02
20230331,,3670585463.86,,,,,,,,,,,91904964.6,149668388.63,3912158817.09,2983797633.69,,,,,,1535718262.16,286578042.27,774486734.78,5580580672.9,-1668421855.81,,349165383.39,4839755.2,11139655.0,,4648731.44,,,369793525.03,419180829.14,230323943.76,,,,,649504772.9,-279711247.87,,700000.0,700000.0,832120357.9,,,832820357.9,1590000.0,12461986.15,0.0,1561150.03,15613136.18,817207221.72,-4423139.26,-1135349021.22,4172854536.32,,,,,3037505515.1,定期报告,未审计,20240423,CNY,合并期末,2023-04-20T19:05:03
20221231,,17643199373.56,,,,,,,,,,,216020053.46,906581562.59,18765800989.61,10498909984.87,,,,,,4592635400.92,820374423.12,2223119933.42,18135039742.33,630761247.28,,774386418.81,58287084.81,3358195.35,,32464649.89,,,868496348.86,2268138755.23,278745800.0,,25512331.78,,,2572396887.01,-1703900538.15,,39547256.64,39547256.64,3812259974.96,,,3851807231.6,2449290855.45,319095012.29,42902400.0,1401789040.75,4170174908.49,-318367676.89,20245038.6,-1371261929.16,5544116465.48,4172854536.32,5544116465.48,,,4172854536.32,定期报告,是,20240423,CNY,合并期末,2023-04-20T19:05:03
20220930,,12824888210.96,,,,,,,,,,,171592833.21,882830995.93,13879312040.1,8804973679.56,,,,0.0,0.0,3373308249.85,484792547.39,2227620000.32,14890694477.12,-1011382437.02,,691558912.05,14705408.33,2399450.72,0.0,26207087.07,,,734870858.17,1585255378.86,516924544.48,0.0,25512331.78,,0.0,2127692255.12,-1392821396.95,,39547256.64,39547256.64,1874428381.69,,0.0,1913975638.33,979190303.19,296586362.1,42000000.0,722293872.96,1998070538.25,-84094899.92,22091905.47,-2466206828.42,5544116465.48,,,,,3077909637.06,定期报告,未审计,20231020,CNY,合并期末,2022-10-28T17:25:09
