时间,开盘,最高,最低,收盘,涨跌,涨跌幅,成交量,成交额,持仓量
2025-07-23,14250,14295,14165,14180,5,0.04,205198,14589577800,538200
2025-07-22,14155,14245,14095,14225,15,0.11,246550,17474231296,554164
2025-07-21,14295,14295,14160,14185,-115,-0.8,287892,20454726656,558902
2025-07-18,14250,14375,14225,14270,115,0.81,365642,26143403008,580672
2025-07-17,13980,14285,13975,14250,305,2.19,477442,33790957568,587593
2025-07-16,13850,14000,13850,13990,160,1.16,267096,18623268608,568365
2025-07-15,13880,13895,13765,13850,-50,-0.36,207411,14342470656,546688
2025-07-14,13880,13945,13870,13875,-30,-0.22,138677,9638051584,557732
2025-07-11,13865,13945,13860,13885,20,0.14,189070,13145091840,555557
2025-07-10,13845,13920,13815,13865,95,0.69,210238,14574749440,551136
2025-07-09,13790,13855,13685,13830,70,0.51,215992,14871049216,546763
2025-07-08,13740,13830,13705,13785,-10,-0.07,159277,10958257664,543248
2025-07-07,13770,13875,13730,13760,-30,-0.22,194621,13423983360,543865
2025-07-04,13785,13830,13760,13780,-10,-0.07,118433,8165955328,546129
2025-07-03,13805,13825,13745,13785,0,0.0,130697,9011558144,549673
2025-07-02,13730,13850,13720,13805,70,0.51,182580,12584326400,560464
2025-07-01,13760,13780,13675,13745,-70,-0.51,188803,12966045952,563236
2025-06-30,13755,13920,13730,13740,0,0.0,336931,23273508864,574945
2025-06-27,13725,13775,13695,13760,75,0.55,185305,12730453504,591022
2025-06-26,13635,13730,13630,13720,105,0.77,192242,13154158848,584196
2025-06-25,13610,13665,13550,13645,110,0.81,234985,15996603904,560112
2025-06-24,13460,13640,13445,13610,130,0.96,244862,16571035904,541942
2025-06-23,13500,13540,13425,13465,-40,-0.3,184987,12468123904,515356
2025-06-20,13515,13545,13465,13495,5,0.04,145884,9850817024,524982
2025-06-19,13500,13535,13450,13525,-20,-0.15,154283,10406388480,525918
2025-06-18,13540,13570,13510,13540,40,0.3,124616,8439618560,533427
2025-06-17,13500,13545,13455,13525,10,0.07,145626,9829755136,533544
2025-06-16,13480,13560,13460,13530,65,0.48,161249,10896401152,537529
2025-06-13,13500,13520,13390,13495,-10,-0.07,182581,12292265728,532642
2025-06-12,13520,13545,13465,13520,-35,-0.26,167917,11338595328,541024
2025-06-11,13515,13600,13490,13540,45,0.33,229409,15548195072,545791
2025-06-10,13495,13545,13450,13520,55,0.41,170148,11480736256,538557
2025-06-09,13355,13550,13345,13495,145,1.09,264813,17828535296,538461
2025-06-06,13265,13395,13255,13360,100,0.75,222549,14855145728,530650
2025-06-05,13255,13310,13220,13245,0,0.0,135839,9006125824,530157
2025-06-04,13270,13290,13200,13265,0,0.0,175395,11615533824,525386
2025-06-03,13305,13330,13210,13260,-10,-0.08,144602,9590727680,539143
2025-05-30,13280,13310,13240,13275,-30,-0.23,147917,9814292992,545932
2025-05-29,13330,13355,13235,13320,-10,-0.08,195345,12995326208,552461
2025-05-28,13335,13375,13275,13330,20,0.15,129832,8653302784,562530
2025-05-27,13370,13380,13260,13330,-50,-0.37,206733,13758081280,565059
2025-05-26,13385,13435,13330,13385,-40,-0.3,188284,12596199680,575436
2025-05-23,13415,13475,13380,13410,-30,-0.22,127197,8538098688,577706
2025-05-22,13415,13485,13400,13430,-50,-0.37,124539,8369020928,578626
2025-05-21,13400,13560,13370,13440,30,0.22,248577,16754089728,574399
2025-05-20,13410,13435,13380,13395,15,0.11,114380,7669179136,575738
2025-05-19,13390,13425,13325,13390,-25,-0.19,153973,10300793600,574517
2025-05-16,13440,13455,13360,13390,-35,-0.26,184067,12346294016,572606
2025-05-15,13385,13480,13385,13415,25,0.19,210352,14119877888,572790
2025-05-14,13330,13470,13290,13445,120,0.9,230116,15406266112,572524
2025-05-13,13475,13475,13245,13330,185,1.41,288431,19216715264,569849
2025-05-12,12945,13255,12920,13240,315,2.44,382405,25133568512,582792
2025-05-09,12925,12960,12875,12950,85,0.66,158702,10256116736,574084
2025-05-08,12870,12935,12780,12900,5,0.04,187909,12087246336,579240
2025-05-07,12725,13015,12715,12900,115,0.9,283447,18275245312,576631
2025-05-06,12870,12895,12675,12745,-30,-0.23,177966,11376476672,587474
2025-04-30,12805,12825,12720,12750,-120,-0.93,176326,11262823168,581040
2025-04-29,12910,12935,12800,12840,-130,-1.0,191368,12314530816,573019
2025-04-28,12965,13030,12920,12950,-60,-0.46,189282,12274937600,570462
2025-04-25,12975,13080,12955,12990,-15,-0.12,175630,11424731392,572168
2025-04-24,13025,13055,12955,12990,75,0.58,184219,11978840576,569270
