报告日,营业总收入,营业收入,利息收入,已赚保费,手续费及佣金收入,房地产销售收入,其他业务收入,营业总成本,营业成本,手续费及佣金支出,房地产销售成本,退保金,赔付支出净额,提取保险合同准备金净额,保单红利支出,分保费用,其他业务成本,营业税金及附加,研发费用,销售费用,管理费用,财务费用,利息费用,利息支出,投资收益,对联营企业和合营企业的投资收益,以摊余成本计量的金融资产终止确认产生的收益,汇兑收益,净敞口套期收益,公允价值变动收益,期货损益,托管收益,补贴收入,其他收益,资产减值损失,信用减值损失,其他业务利润,资产处置收益,营业利润,营业外收入,非流动资产处置利得,营业外支出,非流动资产处置损失,利润总额,所得税费用,未确认投资损失,净利润,持续经营净利润,终止经营净利润,归属于母公司所有者的净利润,被合并方在合并前实现净利润,少数股东损益,其他综合收益,归属于母公司所有者的其他综合收益,（一）以后不能重分类进损益的其他综合收益,重新计量设定受益计划变动额,权益法下不能转损益的其他综合收益,其他权益工具投资公允价值变动,企业自身信用风险公允价值变动,（二）以后将重分类进损益的其他综合收益,权益法下可转损益的其他综合收益,可供出售金融资产公允价值变动损益,其他债权投资公允价值变动,金融资产重分类计入其他综合收益的金额,其他债权投资信用减值准备,持有至到期投资重分类为可供出售金融资产损益,现金流量套期储备,现金流量套期损益的有效部分,外币财务报表折算差额,其他,归属于少数股东的其他综合收益,综合收益总额,归属于母公司所有者的综合收益总额,归属于少数股东的综合收益总额,基本每股收益,稀释每股收益,数据源,是否审计,公告日期,币种,类型,更新日期
20250331,3858233540.82,3858233540.82,,,,,,3487379865.56,1941305990.42,,,,,,,,,26118928.01,235592738.2,1171024410.43,139240898.44,-25903099.94,17696994.05,,-5373272.63,-2499349.11,,,,141311315.06,,,,41868913.52,,16746051.35,,535976.7,528529021.63,1775096.14,,731076.24,,529573041.53,55050992.35,,474522049.18,474522049.18,,474679549.09,,-157499.91,64516473.09,64516473.09,30214179.09,,,30214179.09,,34302294.0,,,,,,,,,34302294.0,,,539038522.27,539196022.18,-157499.91,0.84,0.83,定期报告,未审计,20250426,CNY,合并期末,2025-04-25T21:00:10
20241231,16542228496.41,16542228496.41,,,,,,15432953185.15,8846130880.79,,,,,,,,,96474395.71,884923156.65,5017302251.75,562283192.61,25839307.64,37563521.1,,-4962120.4,-4151698.06,,,,35445383.72,,,,148231726.96,,-33039368.15,,443616.37,892962815.39,16565957.62,,7479109.05,,902049663.96,96379346.77,,805670317.19,805670317.19,,806087087.89,,-416770.7,-23550027.33,-23550027.33,-28754146.25,,,-28754146.25,,5204118.92,,,,,,,,,5204118.92,,,782120289.86,782537060.56,-416770.7,1.42,1.41,定期报告,是,20250426,CNY,合并期末,2025-04-25T21:00:10
20240930,10225968610.92,10225968610.92,,,,,,9570703983.93,5277680792.66,,,,,,,,,73023318.44,657351951.41,3212300974.92,381999173.88,-31652227.38,25390669.5,,-7920214.29,-4784181.66,,,,30027931.51,,,,114023975.04,,4615883.05,,-102443.89,668686854.67,16044165.46,,5730601.18,,679000418.95,64132250.88,,614868168.07,614868168.07,,615014236.47,,-146068.4,-21558070.94,-21558070.94,74193.96,,,74193.96,,-21632264.9,,,,,,,,,-21632264.9,,,593310097.13,593456165.53,-146068.4,1.08,1.07,定期报告,未审计,20241030,CNY,合并期末,2024-10-29T17:57:03
20240630,6976054419.34,6976054419.34,,,,,,6328260268.94,3549431143.43,,,,,,,,,54368846.15,445874143.87,2042202769.78,257381494.91,-20998129.2,14223470.63,,-12488160.15,-5118647.32,,,,21588670.9,,,,62360578.03,,-4376450.53,,96988.51,650372922.56,18561556.54,,4191115.1,,664743364.0,55582642.38,,609160721.62,609160721.62,,608975404.11,,185317.51,-2637274.68,-2637274.68,74272.33,,,74272.33,,-2711547.01,,,,,,,,,-2711547.01,,,606523446.94,606338129.43,185317.51,1.07,1.06,定期报告,未审计,20240831,CNY,合并期末,2024-08-30T19:52:07
20240331,3474106919.34,3474106919.34,,,,,,3176402551.9,1899293468.71,,,,,,,,,23556722.87,220304390.64,897829248.94,116872251.35,18546469.39,16275512.6,,-6231722.84,-1551585.94,,,,-2433788.97,,,,28629146.48,,-736641.5,,73190.32,312600018.77,5319758.08,,1316655.62,,316603121.23,18691832.23,,297911289.0,297911289.0,,297737146.51,,174142.49,54941088.52,54941088.52,,,,,,54941088.52,,,,,,,,,54941088.52,,,352852377.52,352678235.03,174142.49,0.52,0.52,定期报告,未审计,20250426,CNY,合并期末,2024-04-26T21:27:03
20231231,15502073508.19,15502073508.19,,,,,,14885601906.24,8591958176.4,,,,,,,,,67885485.37,824690159.64,4843985294.74,582885553.66,-25802763.57,70458265.34,,68673.57,-7340554.78,,,,40013095.62,,,,151247052.57,,-3921920.47,,-99951.25,635910304.83,20830875.53,,3733174.77,,653008005.59,41654551.99,,611353453.6,611353453.6,,612075147.0,,-721693.4,63266178.7,63266178.7,29569367.05,,,29569367.05,,33696811.65,,,,,,,,,33696811.65,,,674619632.3,675341325.7,-721693.4,1.08,1.07,定期报告,是,20250426,CNY,合并期末,2024-04-26T21:27:03
20230930,10531521940.78,10531521940.78,,,,,,9947399016.11,5477357066.46,,,,,,,,,49684120.41,604860029.55,3415508760.25,416138441.03,-16149401.59,48263692.88,,-957946.23,-7800989.91,,,,1179170.48,,,,89373133.0,,33953429.88,,-815651.39,647404300.85,15208612.21,,1290081.84,,661322831.22,57818204.53,,603504626.69,603504626.69,,603687550.3,,-182923.61,48292569.12,48292569.12,,,,,,48292569.12,,,,,,,,,48292569.12,,,651797195.81,651980119.42,-182923.61,1.07,1.05,定期报告,未审计,20241030,CNY,合并期末,2023-10-27T19:57:04
20230630,7144228263.81,7144228263.81,,,,,,6581260246.21,3645439862.81,,,,,,,,,28519194.98,390378105.08,2296645461.05,276638975.66,-56361353.37,33359929.94,,-1514416.62,-5937207.6,,,,16477469.8,,,,46585359.24,,51482470.94,,310637.5,647131165.55,8463920.69,,1654663.42,,653940422.82,69934221.95,,584006200.87,584006200.87,,584075256.85,,-69055.98,69689538.06,69689538.06,,,,,,69689538.06,,,,,,,,,69689538.06,,,653695738.93,653764794.91,-69055.98,1.03,1.02,定期报告,未审计,20240831,CNY,合并期末,2023-08-25T18:12:21
20230331,3236120000.36,3236120000.36,,,,,,2931162984.83,1596295640.96,,,,,,,,,16457929.27,187362748.1,948774421.61,150413034.71,31859210.18,15611604.6,,-3454475.54,-3172201.27,,,,36449100.13,,,,24571789.44,,851180.29,,251024.99,357582807.35,3304067.17,,820663.33,,360066211.19,33924532.05,,326141679.14,326141679.14,,326147127.29,,-5448.15,-15917852.65,-15917852.65,,,,,,-15917852.65,,,,,,,,,-15917852.65,,,310223826.49,310229274.64,-5448.15,0.58,0.57,定期报告,未审计,20240427,CNY,合并期末,2023-04-28T21:57:04
20221231,15324762800.45,15324762800.45,,,,,,13405108369.11,7415100260.2,,,,,,,,,88989576.75,744019670.79,4622537781.87,644861024.38,-110399944.88,56279707.01,,-22386282.35,-10893912.46,,,,37323490.9,,,,106079040.3,,-98825787.83,,726303.58,1817334579.0,14332106.72,,4952806.46,,1826713879.26,126298343.8,,1700415535.46,1700415535.46,,1698436558.73,,1978976.73,78787309.32,78787309.32,,,,,,78787309.32,,,,,,,,,78787309.32,,,1779202844.78,1777223868.05,1978976.73,3.02,2.96,定期报告,是,20240427,CNY,合并期末,2023-04-28T21:57:04
20220930,10124584424.54,10124584424.54,,,,,,8895953765.31,5088510119.76,,,,,,,,,57871576.35,541042551.3,2850960742.47,483357206.26,-125788430.83,36826755.76,,-4633445.65,-6279627.2,,,,-17887036.37,,,,65739567.9,,-14563223.21,,509817.59,1217876832.52,10314006.71,,2939614.32,,1225251224.91,100840289.6,,1124410935.31,1124410935.31,,1122210602.94,,2200332.37,84890631.66,84890631.66,,,,,,84890631.66,,,,,,,,,84890631.66,,,1209301566.97,1207101234.6,2200332.37,1.99,1.96,定期报告,未审计,20231028,CNY,合并期末,2022-10-28T17:43:33
