根据研报章节“行业规模与生命周期分析”的要求，基于提供的利润表数据，结合行业生命周期理论，提炼如下关键信息：

### 1. 行业财务数据摘要（利润表核心项目）
**单位：人民币元**

| 报告日期 | 营业额 | 毛利 | 营运支出 | 经营溢利 | 除税前溢利 | 税项 | 除税后溢利 | 股东应占溢利 | 非控股权益应占溢利 | 每股基本盈利（元） | 每股摊薄盈利（元） |
|----------|--------|------|----------|----------|------------|------|------------|----------------|------------------|-------------------|-------------------|
| 2024-12-31 | 1,305,361,000 | 374,009,000 | 931,352,000 | -1,155,242,000 | -1,149,259,000 | 10,665,000 | -1,159,924,000 | -1,123,590,000 | -36,334,000 | -2.67 | -2.67 |
| 2024-06-30 | 487,229,000 | 185,201,000 | 302,028,000 | -538,727,000 | -531,171,000 | 8,637,000 | -539,808,000 | -516,354,000 | -23,454,000 | -1.23 | -1.23 |
| 2023-12-31 | 1,055,698,000 | 332,818,000 | 722,880,000 | -1,218,218,000 | -1,227,229,000 | 37,361,000 | -1,264,590,000 | -1,234,048,000 | -30,542,000 | -3.05 | -3.05 |
| 2023-06-30 | 261,139,000 | 59,020,000 | 202,119,000 | -550,182,000 | -547,625,000 | 292,000 | -547,917,000 | -532,793,000 | -15,124,000 | -1.32 | -1.32 |
| 2022-12-31 | 1,008,272,000 | 397,168,000 | 611,104,000 | -970,670,000 | -970,859,000 | 16,509,000 | -987,368,000 | -974,809,000 | -12,559,000 | -2.50 | -2.50 |
| 2022-09-30 | 529,193,000 | 162,703,000 | 366,490,000 | -739,116,000 | -756,275,000 | 21,688,000 | -777,963,000 | -765,120,000 | -12,843,000 | -1.97 | -1.97 |

### 2. 行业生命周期阶段判断
根据上述利润表数据趋势，行业连续多个报告期呈现**持续亏损**状态，且经营溢利、除税前溢利、股东应占溢利均为负值，且亏损金额呈现**扩大趋势**（如2022年亏损约9.87亿元，2023年扩大至12.65亿元，2024年进一步扩大至11.60亿元），表明行业仍处于**导入期或衰退期**。

### 3. 行业规模变动趋势分析
- **营业额增长波动**：  
  - 2022年：全年营业额约20.37亿元  
  - 2023年：全年营业额约15.43亿元（同比下降约24%）  
  - 2024年：全年营业额约17.93亿元（同比上升约22.6%）  

  行业营业额呈现波动增长，但未能带动利润增长，反映出**成本高企、盈利能力不足**的问题。

- **毛利率分析**：  
  - 2022年：平均毛利率约39.4%  
  - 2023年：平均毛利率约31.5%  
  - 2024年：平均毛利率约28.6%  

  毛利率呈现**逐年下降趋势**，表明行业产品或服务的**价格竞争加剧**或**成本上升**，盈利能力持续恶化。

### 4. 股票价格趋势与行业增长关联性（需补充K线数据）
注：当前数据未提供股票K线图或行业K线图，建议结合**Wind、东方财富、同花顺等金融终端**获取行业指数或重点企业股价走势，进一步验证行业增长趋势与财务表现的关联性。

### 5. 图表建议
建议制作以下图表以展示行业规模变动情况：
1. **行业营业额与毛利率趋势图**（时间序列）
2. **行业经营溢利与除税后溢利趋势图**（柱状图）
3. **行业每股盈利变动图**（折线图）
4. **行业成本结构图**（饼图：销售费用、研发费用、行政开支占比）

### 6. 结论
行业当前处于**生命周期的导入期或衰退期**，表现为：
- **营业额波动增长但未带动利润改善**
- **毛利率持续下滑**
- **经营溢利、净利润持续为负**
- **每股盈利持续为负且亏损扩大**

建议重点关注行业**技术突破、成本控制能力、市场拓展成效**，以判断未来是否能进入成长期。

（注：以上分析基于提供的利润表数据，建议结合资产负债表、国家统计局行业数据、股票K线走势进一步完善研报结论。）