报告日,营业总收入,营业收入,利息收入,已赚保费,手续费及佣金收入,房地产销售收入,其他业务收入,营业总成本,营业成本,手续费及佣金支出,房地产销售成本,退保金,赔付支出净额,提取保险合同准备金净额,保单红利支出,分保费用,其他业务成本,营业税金及附加,研发费用,销售费用,管理费用,财务费用,利息费用,利息支出,投资收益,对联营企业和合营企业的投资收益,以摊余成本计量的金融资产终止确认产生的收益,汇兑收益,净敞口套期收益,公允价值变动收益,期货损益,托管收益,补贴收入,其他收益,资产减值损失,信用减值损失,其他业务利润,资产处置收益,营业利润,营业外收入,非流动资产处置利得,营业外支出,非流动资产处置损失,利润总额,所得税费用,未确认投资损失,净利润,持续经营净利润,终止经营净利润,归属于母公司所有者的净利润,被合并方在合并前实现净利润,少数股东损益,其他综合收益,归属于母公司所有者的其他综合收益,（一）以后不能重分类进损益的其他综合收益,重新计量设定受益计划变动额,权益法下不能转损益的其他综合收益,其他权益工具投资公允价值变动,企业自身信用风险公允价值变动,（二）以后将重分类进损益的其他综合收益,权益法下可转损益的其他综合收益,可供出售金融资产公允价值变动损益,其他债权投资公允价值变动,金融资产重分类计入其他综合收益的金额,其他债权投资信用减值准备,持有至到期投资重分类为可供出售金融资产损益,现金流量套期储备,现金流量套期损益的有效部分,外币财务报表折算差额,其他,归属于少数股东的其他综合收益,综合收益总额,归属于母公司所有者的综合收益总额,归属于少数股东的综合收益总额,基本每股收益,稀释每股收益,数据源,是否审计,公告日期,币种,类型,更新日期
20250331,4657815685.81,4657815685.81,,,,,,5082422863.56,2786250768.85,,,,,,,,,28518838.89,946960540.25,930983611.43,353328333.27,36380770.87,43151590.17,,24050302.27,,,,,2307950.85,,,,204524610.15,,1474266.19,,1236201.03,-187550314.93,2304232.9,,10030069.53,,-195276151.56,21272253.05,,-216548404.61,-216548404.61,,-193251729.36,,-23296675.25,408958.88,280929.77,,,,,,280929.77,,,,,,,,,280929.77,,128029.11,-216139445.73,-192970799.59,-23168646.14,-0.08,-0.08,定期报告,未审计,20250422,CNY,合并期末,2025-04-21T20:20:08
20241231,23343093018.69,23343093018.69,,,,,,23100303675.07,13391165470.26,,,,,,,,,143951127.88,3891601383.59,4083416224.07,1455408951.23,134760518.04,194798266.37,,92973584.68,81992089.48,,,,-21917068.19,,,,1032935989.16,,-965333261.07,,8005149.95,282382162.82,39446709.18,,92733940.49,,229094931.51,-277938700.7,,507033632.21,507033632.21,,560162663.16,,-53129030.95,-904903.57,-571531.19,,,,,,-571531.19,,,,,,,,,-571531.19,,-333372.38,506128728.64,559591131.97,-53462403.33,0.24,0.24,定期报告,是,20250422,CNY,合并期末,2025-04-21T20:20:08
20240930,14849536928.14,14849536928.14,,,,,,15516979127.24,8842160204.14,,,,,,,,,76600869.6,3037106637.47,2553070937.15,898255794.69,109784684.19,122458414.43,,1910378.75,-10694654.25,,,,19636173.7,,,,535881174.3,,-342551399.46,,2315859.98,-475466528.04,13920131.96,,79218364.76,,-540764760.84,-117537855.65,,-423226905.19,-423226905.19,,-343704233.43,,-79522671.76,-446501.8,-356931.14,,,,,,-356931.14,,,,,,,,,-356931.14,,-89570.66,-423673406.99,-344061164.57,-79612242.42,-0.1489,-0.1483,定期报告,未审计,20241019,CNY,合并期末,2024-10-18T18:52:08
20240630,9324545041.14,9324545041.14,,,,,,9865488601.06,5576889767.73,,,,,,,,,53495173.93,1932526840.08,1626232395.12,612118633.24,64225790.96,77047590.76,,1439417.31,-10694654.25,,,,54569918.11,,,,322370220.17,,-343323339.87,,1181123.11,-530767347.99,12469501.28,,73848843.95,,-592146690.66,-122083458.87,,-470063231.79,-470063231.79,,-400665617.21,,-69397614.58,-643793.6,-901188.0,,,,,,-901188.0,,,,,,,,,-901188.0,,257394.4,-470707025.39,-401566805.21,-69140220.18,-0.1736,-0.1729,定期报告,未审计,20240822,CNY,合并期末,2024-08-21T18:57:04
20240331,3646215386.95,3646215386.95,,,,,,4303630464.95,2258326914.0,,,,,,,,,23853844.66,842211844.66,765067742.09,379624086.39,34546033.15,37689796.28,,11034490.34,,,,,112766329.91,,,,209304306.47,,143300.67,,822883.69,-323343766.92,6957054.06,,11404083.23,,-327790796.09,19251110.38,,-347041906.47,-347041906.47,,-300468030.2,,-46573876.27,-530152.45,-364182.35,,,,,,-364182.35,,,,,,,,,-364182.35,,-165970.1,-347572058.92,-300832212.55,-46739846.37,-0.13,-0.13,定期报告,未审计,20250422,CNY,合并期末,2024-04-22T21:22:04
20231231,19650329209.04,19650329209.04,,,,,,19843922038.53,11266545932.81,,,,,,,,,126447771.74,3481185262.99,3584043710.38,1370348631.12,15350729.49,96251666.74,,204889055.42,84140159.15,,,,79978858.39,,,,1087254170.78,,-677043294.48,,12715464.13,429257877.62,33759633.62,,43246508.53,,419771002.71,-193375456.5,,613146459.21,613146459.21,,657312908.24,,-44166449.03,-451367.18,-300427.27,,,,,,-300427.27,,,,,,,,,-300427.27,,-150939.91,612695092.03,657012480.97,-44317388.94,0.28,0.28,定期报告,是,20250422,CNY,合并期末,2024-04-22T21:37:05
20230930,12613745271.17,12613745271.17,,,,,,13225306845.53,7530029460.18,,,,,,,,,72784503.23,2498270644.89,2289118243.99,819576375.01,15527618.23,52552603.73,,113256176.6,829665.49,,,,72794098.3,,,,704499186.21,,-282618560.4,,8509966.7,2212090.25,19864469.57,,29112974.02,,-7036414.2,-52068187.67,,45031773.47,45031773.47,,99362112.37,,-54330338.9,-355820.41,-355820.41,,,,,,-355820.41,,,,,,,,,-355820.41,,,44675953.06,99006291.96,-54330338.9,0.04,0.04,定期报告,未审计,20241019,CNY,合并期末,2023-10-19T18:07:02
20230630,7841552405.17,7841552405.17,,,,,,8274544290.14,4694484576.6,,,,,,,,,42496365.0,1516874904.76,1455178799.83,561374268.79,4135375.16,34790715.06,,134713738.98,829665.49,,,,70375896.15,,,,468731045.12,,-281539844.26,,8508658.24,-37024287.5,17961965.49,,24170440.92,,-43232762.93,-58089297.85,,14856534.92,14856534.92,,73571996.11,,-58715461.19,13917.98,13917.98,,,,,,13917.98,,,,,,,,,13917.98,,,14870452.9,73585914.09,-58715461.19,0.0318,0.0318,定期报告,未审计,20240822,CNY,合并期末,2023-08-11T20:02:03
20230331,2887584461.77,2887584461.77,,,,,,3390824008.95,1678160958.53,,,,,,,,,16438634.56,715732056.5,634513114.1,332274170.22,13705075.05,16410709.57,,134339609.16,,,,,100621258.88,,,,184381427.85,,312535.29,,6585431.17,-76999284.83,7410707.11,,3147845.33,,-72736423.05,22280970.52,,-95017393.57,-95017393.57,,-57895269.0,,-37122124.57,-303711.31,-288525.74,,,,,,-288525.74,,,,,,,,,-288525.74,,-15185.57,-95321104.88,-58183794.74,-37137310.14,-0.03,-0.02,定期报告,未审计,20240423,CNY,合并期末,2023-04-20T19:08:09
20221231,18820234052.91,18820234052.91,,,,,,18672424768.71,11136385572.6,,,,,,,,,112113271.86,3111297143.68,3164396674.53,1226783087.46,-78550981.42,65047181.27,,27355108.34,6116278.26,,,,-251064261.14,,,,1065296711.77,,-617438398.43,,4856560.67,295671190.34,48171464.54,,96090923.52,,247751731.36,-250876345.67,,498628077.03,498628077.03,,561213020.79,,-62584943.76,-264254.52,-135447.61,,,,,,-135447.61,,,,,,,,,-135447.61,,-128806.91,498363822.51,561077573.18,-62713750.67,0.24,0.24,定期报告,是,20240423,CNY,合并期末,2023-04-20T19:08:09
20220930,12660799886.28,12660799886.28,,,,,,12787917416.88,7573124947.0,,,,,,,,,66878045.74,2330636348.25,2129734425.63,749176058.61,-61632408.35,32334039.93,,3026210.37,-12852757.56,,,,-260953633.37,,,,823638880.78,,-15678515.65,,141496.42,372220498.63,44735252.32,,84728374.62,,332227376.33,-37086245.48,,369313621.81,369313621.81,,420235989.99,,-50922368.18,30166.77,192497.85,,,,,,192497.85,,,,,,,,,192497.85,,-162331.08,369343788.58,420428487.85,-51084699.27,0.18,0.18,定期报告,未审计,20231020,CNY,合并期末,2022-10-28T17:27:04
