数据日期,发行总股本-上海,发行总股本-深圳,市价总值-上海,市价总值-深圳,成交金额-上海,成交金额-深圳,成交量-上海,成交量-深圳,A股最高综合股价指数-上海,A股最高综合股价指数-深圳,A股最低综合股价指数-上海,A股最低综合股价指数-深圳
2025年07月份,,,,,,,,,3613.0223,2297.9298,3441.0379,2170.4749
2025年06月份,50182.0,26562.1792,548595.47,350945.3424,102087.7329,159380.82132864,8609.0664,12507.8679,3462.752,2171.1151,3340.0666,2076.5204
2025年05月份,49312.0,26486.1111,526655.78,334744.4432,89268.0,135758.74035247,7777.68,11116.1218,3417.3142,2115.7465,3286.9886,2048.9228
2025年04月份,49364.0,26440.4002,515570.32,325948.535,108319.0,145147.21714878,9528.43,12571.9959,3361.134,2119.7604,3040.6932,1895.6956
2025年03月份,49388.0,26439.177,524049.34,341128.3394,125269.0,187994.03960725,10056.15,14284.2669,3439.0463,2224.6373,3297.5304,2112.132
2025年02月份,49428.0,26405.1352,520923.77,343584.5056,126678.0,199161.66823759,9738.81,14570.353,3388.7808,2202.3384,3220.2794,2017.0347
2025年01月份,49415.0,26399.6002,509659.92,324178.4093,86575.0,127973.46256776,7642.92,11021.1626,3351.722,2050.4367,3140.9775,1935.2476
2024年12月份,49344.0,26352.1433,524308.99,330411.5313,139375.0,210936.81186493,12968.65,18624.7778,3494.8669,2226.928,3323.0091,2104.0977
2024年11月份,49251.0,26081.5581,519637.6,338651.4651,163636.0,241682.72303958,14460.69,19869.5735,3509.8182,2255.2499,3227.3553,2071.6743
2024年10月份,49222.0,26055.9472,511459.11,334114.3552,143381.0,213400.13313662,12556.94,17041.5919,3674.4048,2276.5686,3152.8213,1951.9376
2024年09月份,49200.0,26089.363,519544.13,323216.4251,65217.0,85739.35072172,6976.38,9332.3705,3358.5883,2023.498,2689.6952,1546.7093
2024年08月份,49188.0,26132.1549,442360.33,258376.6494,56752.0,74156.37047186,5979.64,8303.3235,2947.8768,1693.2676,2815.3829,1568.9495
2024年07月份,49289.0,26394.6105,457332.58,269609.4041,67979.0,82106.61504694,6653.82,8082.8805,3004.987,1708.701,2865.1493,1629.2435
2024年06月份,49290.0,26501.2932,461499.75,271650.1652,61069.0,75919.9608269,5713.87,7268.7032,3097.2043,1812.8015,2933.3304,1699.1037
2024年05月份,49232.0,26470.0417,480119.34,291482.9265,74425.0,94616.43499997,7008.89,8979.0384,3174.2658,1883.3548,3085.3841,1818.2003
2024年04月份,49191.0,26406.7047,482871.91,297333.5468,81318.0,101293.37933266,7656.11,9548.8926,3123.2876,1871.6089,2995.542,1761.5263
2024年03月份,49146.0,26401.806,473022.85,295922.8318,89951.0,122331.81592492,7732.92,10725.7072,3090.0513,1897.8677,2984.1201,1802.0608
2024年02月份,49127.0,26418.6899,468558.64,288706.5421,64763.0,77626.31181085,6572.77,8194.6351,3031.4881,1821.0639,2635.0897,1546.5259
2024年01月份,49098.0,26465.2653,433127.91,261045.1714,72612.0,87569.79244597,6941.4,8265.2609,2976.2682,1923.6527,2724.1573,1668.5532
2023年12月份,49074.0,26414.9405,463127.23,310003.4788,69258.0,92377.78827126,6081.08,7890.0722,3038.9794,1980.1744,2882.0195,1860.9667
2023年11月份,48939.0,26165.9576,470469.47,316264.9671,77887.0,115384.91832995,6508.48,9753.817,3089.7738,2037.6388,3009.121,1966.6888
2023年10月份,48900.0,26122.5097,467972.89,314424.7792,57090.0,83632.45513351,4896.24,7055.7138,3109.9898,2009.7909,2923.5113,1887.474
2023年09月份,48871.0,26100.5242,481674.1,319946.1919,60617.0,83325.63234166,5274.57,7016.4406,3177.0603,2073.0056,3078.8007,1984.7268
2023年08月份,48822.0,26047.8253,483241.42,325423.3483,83454.0,106342.05923365,7735.88,9119.7243,3315.0492,2177.5055,3053.0373,1994.7624
2023年07月份,48745.0,26135.345,506802.57,343813.9355,73334.0,104785.06454786,5915.36,8369.5652,3322.1291,2177.2693,3151.1252,2111.4454
2023年06月份,48682.0,26139.0342,493395.5,339219.2397,78333.0,113954.53463634,5933.64,8119.7507,3276.5522,2183.7188,3144.2484,2094.8291
2023年05月份,48493.0,26041.7447,492967.44,332208.6918,82536.0,103146.1672378,7065.29,7758.1576,3418.9534,2151.4987,3168.5716,2103.5534
2023年04月份,48275.0,25903.9496,508485.52,341054.6162,93940.0,122906.53697434,6731.09,8518.8822,3396.1745,2260.8802,3229.4461,2129.5336
2023年03月份,48075.0,25775.1768,497442.63,351412.269,91760.0,122121.94702232,7267.51,9267.52,3342.8585,2266.818,3216.9927,2163.3019
2023年02月份,47854.0,25757.7772,495958.72,353658.4522,72304.0,107198.1022,5647.45,8722.5595,3308.8279,2301.7946,3223.2581,2239.6489
2023年01月份,47782.0,25675.941,490684.18,352156.6665,53115.0,73305.87139343,4151.25,6009.0876,3310.4903,2266.1821,3073.054,2098.7208
2022年12月份,47670.0,25642.0644,463786.76,324219.1478,72556.0,100700.07193429,6171.51,8657.0224,3226.0817,2179.2429,3031.5358,2052.8555
2022年11月份,47363.0,25503.1262,471285.05,329690.8975,86190.0,118011.95728513,6891.74,9803.8583,3158.5732,2156.6641,2896.7572,2032.092
2022年10月份,47240.0,25450.6133,433846.91,306441.9386,54579.0,72443.99527497,4149.95,6032.9747,3099.9182,2112.6302,2885.0894,1974.9663
2022年09月份,47205.0,25393.6742,450179.65,309662.685,65969.0,87291.38828049,5521.62,7521.9842,3278.1659,2229.2626,3021.9309,2032.3677
2022年08月份,47038.0,25349.9943,473612.98,338013.0587,95167.0,136588.40943015,7063.11,10840.6904,3295.9976,2348.4178,3155.1866,2231.3209
2022年07月份,46908.0,25190.7178,477054.93,348843.5869,87952.0,123507.61818093,6893.53,9779.66,3424.8366,2361.8154,3226.2315,2284.0597
2022年06月份,46845.0,25096.352,493943.54,354322.4532,105434.0,126528.22803684,8755.37,10158.85,3417.0085,2349.9598,3160.0399,2113.2641
2022年05月份,46740.0,25027.7738,460824.63,320033.4402,71842.0,87702.52683696,6770.76,7786.8501,3188.6026,2101.7712,2957.3968,1962.4396
2022年04月份,46656.0,24893.9567,438841.79,300157.1772,76582.0,91039.54078642,7489.81,8275.0022,3290.2561,2232.9376,2863.6497,1898.2195
2022年03月份,46536.0,24819.1212,467389.93,337716.9247,100793.0,132990.0966,8721.09,10523.6502,3500.2872,2437.0339,3023.3045,2188.5049
2022年02月份,46478.0,24749.9296,497027.31,367780.3963,62718.0,87870.24464,5390.16,6837.2728,3500.1471,2447.0447,3390.4578,2381.2763
2022年01月份,46422.0,24648.3648,481718.78,357508.0286,82773.0,117864.3776,6639.14,9049.7812,3651.8924,2661.1188,3356.5558,2400.1306
2021年12月份,46237.0,24457.3654,519698.0,396389.8439,109962.0,148579.40601168,8673.87,10787.0355,3708.9424,2690.6713,3558.691,2621.4454
2021年11月份,45720.0,24142.1957,506720.0,390844.5079,103474.0,146555.49130003,7177.28,9726.7341,3602.7354,2646.4984,3448.4378,2513.6141
2021年10月份,45592.0,24005.551,498061.0,369195.8912,73148.0,89380.35877008,5628.2,6022.3919,3625.0156,2558.4721,3502.8013,2506.8185
2021年09月份,45495.0,23938.5447,499887.0,367039.5687,129329.0,144902.69886507,10751.1,10392.4417,3723.8451,2640.2417,3514.6744,2496.5143
2021年08月份,45155.0,23799.1724,496678.0,370639.7324,127400.0,165951.49697632,8957.55,10707.0926,3544.0941,2610.6255,3367.643,2522.9543
2021年07月份,44151.0,23709.4026,469545.0,360890.8713,115787.52,149098.83170589,7918.85,9867.9372,3607.7049,2620.0148,3312.7206,2444.1023
2021年06月份,43990.0,23602.0153,491818.0,371916.9179,93283.0,115825.60419085,6699.76,8308.9019,3629.2896,2582.4987,3503.1833,2469.9677
2021年05月份,43341.0,23355.2474,486277.0,364242.5036,72194.0,86860.67943162,5816.8,6622.1372,3626.3584,2532.0512,3384.6966,2359.2082
2021年04月份,43010.0,23226.0915,457628.0,345643.8973,68925.0,89685.04878089,5705.67,7147.4884,3497.1208,2430.6103,3373.0939,2311.46
2021年03月份,42920.0,23105.4973,453444.0,330286.4132,84279.0,101680.50339174,7456.77,8248.1442,3577.6218,2472.8818,3328.3119,2279.0778
2021年02月份,42851.0,23034.2934,461069.0,339721.8537,65364.0,79354.71115,4856.11,5319.2136,3731.687,2628.7762,3465.7706,2428.3787
2021年01月份,42674.0,22977.9013,457015.0,344614.4823,96861.0,121852.82576706,6653.58,7980.9305,3637.1002,2602.3036,3446.5471,2485.3744
2020年12月份,42601.0,22855.4168,455322.0,341916.5785,84058.0,104352.14984776,6481.91,7855.3305,3474.9182,2438.1708,3325.172,2352.6663
2020年11月份,42306.0,22703.8615,441857.0,327665.5123,72843.0,102925.63373286,5698.09,7381.025,3456.7365,2450.1136,3209.9094,2332.4267
2020年10月份,42214.0,22641.6861,416867.0,318941.6294,42839.0,76863.26011432,3046.16,5379.051,3371.0862,2415.2987,3219.4216,2323.0223
2020年09月份,42096.0,22501.8751,413729.0,307958.4034,62290.0,107582.143,4923.09,8814.7793,3425.6294,2439.7413,3202.3435,2252.6125
2020年08月份,41887.0,22409.0238,433279.0,326196.5557,96430.0,126536.63381893,7371.22,9723.6492,3456.7206,2437.7726,3263.2653,2334.3468
2020年07月份,41777.73,22354.7712,420925.54,317248.9982,132681.4,169281.80819978,10262.38,12984.6817,3458.7914,2442.2622,2984.9841,2086.4166
2020年06月份,41597.38,22254.6481,372015.47,276758.9251,57495.76,87734.13903686,4716.56,7253.6103,2990.8253,2070.6074,2871.9641,1930.5003
2020年05月份,41210.11,22025.4113,349401.77,250708.1368,44986.66,67499.86375305,3716.76,5713.8105,2914.2838,1910.1049,2802.4653,1837.9577
2020年04月份,41077.97,21852.0514,347423.31,246570.4323,50717.22,81120.68434892,4716.42,7471.69017555,2865.59,1861.2297,2719.9043,1765.9462
2020年03月份,40914.78,21710.1162,330896.73,231956.9144,75158.4,115844.70271173,7001.6,10325.8805,3074.2571,2022.552,2646.8048,1747.2802
2020年02月份,40826.19,21624.5829,346830.35,249809.7947,75660.59,121061.99431855,6546.93,10230.8908,3058.898,2035.921,2685.2693,1701.488
2020年01月份,40761.49,21585.627,354226.4,242953.161,44701.07,67588.64295176,3879.77,5956.5707,3127.1692,1914.304,2955.346,1839.352
2019年12月份,40199.42,21520.5002,355519.7,237414.8651,44382.54,68632.03720491,4148.99,6381.2199,3051.677,1802.289,2857.3204,1676.884
2019年11月份,39441.0,21367.7922,329076.0,217810.567,33732.0,51572.16458909,3060.53,4570.6576,3008.3144,1742.911,2858.5808,1673.048
2019年10月份,39192.61,21372.2239,332673.18,220020.8811,29840.92,46853.99,2644.48,4290.9877,3026.3834,1743.007,2891.5394,1683.05
2019年09月份,39069.16,21363.2733,329091.66,216744.4483,45727.62,67820.7564,3964.56,6123.3678,3042.9284,1770.886,2883.6823,1690.958
2019年08月份,38990.08,21296.9964,325976.92,213732.6817,42763.71,55881.8224,3709.7,5271.6972,2927.3421,1678.511,2733.9242,1564.993
2019年07月份,38945.07,20854.3524,330361.41,210141.9049,40036.17,51547.0368,3731.16,5058.0764,3048.4839,1696.087,2879.69,1616.617
2019年06月份,38641.95,20680.1967,327971.84,208324.6582,38597.25,48876.6546,3988.32,4982.227,3012.826,1656.173,2822.1853,1557.51
2019年05月份,38329.03,20464.7857,318321.46,204644.4653,43268.03,55042.8121,4476.02,5685.6534,2986.5399,1659.986,2833.0363,1582.484
2019年04月份,38161.31,20268.1324,336590.16,218667.9404,75714.26,93136.4756,7495.31,9092.3677,3288.4531,1881.65,3050.0261,1721.302
2019年03月份,38103.65,20205.8286,337193.46,225662.4501,83135.45,103131.79,8705.26,10816.8674,3129.9395,1788.906,2930.8345,1636.364
2019年02月份,38032.31,20114.8782,320193.59,204668.5423,38548.28,50375.1008,4475.18,5952.2766,2997.4882,1653.92,2590.5543,1369.651
2019年01月份,37985.99,20042.3424,281023.82,167861.9181,28097.34,37444.1444,3392.64,4606.742,2630.3183,1396.312,2440.9066,1325.132
2018年12月份,37708.96,19872.0697,269515.02,165409.0173,22545.02,30707.9519,2590.09,3622.7018,2666.0784,1451.891,2462.8448,1333.784
2018年11月份,37683.3,19919.2812,279653.98,173969.0676,33633.71,44471.7152,4071.93,5449.1477,2703.5116,1483.01,2555.3223,1386.43
2018年10月份,37287.03,19885.0261,278622.02,167911.8113,24541.93,27834.4207,2749.58,3308.5149,2771.9384,1480.682,2449.197,1315.07
2018年09月份,37209.76,19806.4865,301557.14,185058.5786,21617.37,28127.4739,2159.15,3092.3895,2827.3413,1535.373,2644.2961,1458.093
2018年08月份,37136.15,19674.6154,290651.26,185050.9407,28823.93,36971.134,2830.92,3706.1621,2897.3997,1657.111,2653.1119,1517.041
2018年07月份,37022.09,19628.7319,305437.18,200770.9569,32667.67,45119.7262,3058.18,4055.5509,2915.2974,1708.982,2691.0208,1627.055
2018年06月份,36459.6,19454.8358,299581.98,204635.4358,31183.36,38637.0653,2638.33,3150.80233,3128.7154,1867.64,2782.3811,1657.675
2018年05月份,35996.48,19153.6303,320700.9,223519.2273,38289.9,51597.0918,2997.02,3791.5187,3219.7398,1940.353,3041.0002,1845.479
2018年04月份,35786.84,18799.4033,317966.5,224566.1194,33860.86,48527.08833,2712.3,3479.2658,3220.8453,1955.188,3041.625,1866.435
2018年03月份,35688.7,18681.5434,325666.71,233851.8805,44142.91,59156.47,3717.21,4409.7234,3333.8754,1998.153,3091.4575,1872.213
2018年02月份,35570.76,18630.0068,334105.65,227540.3588,32741.52,31651.2467,2897.39,2546.4442,3495.0933,1964.779,3062.7426,1779.556
2018年01月份,35454.9,18531.8085,351041.77,234531.3323,57916.83,56973.003,4812.53,4190.3787,3587.0323,2056.198,3314.0307,1985.509
2017年12月份,35288.35,18458.3239,331324.82,235761.2565,36619.93,43618.3205,2961.13,3132.3578,3324.5161,2010.274,3254.1775,1965.971
2017年11月份,35003.27,18321.7323,330215.13,233801.2846,51554.94,60480.5075,3996.77,4121.8156,3450.4949,2140.558,3300.7808,2006.209
2017年10月份,34800.9,18243.0008,334498.47,244622.6167,34158.24,45241.8432,2716.78,3178.2797,3421.1026,2130.649,3357.2762,2091.466
2017年09月份,34684.66,18159.2181,327809.44,241491.4973,49579.7,65521.3077,4248.3,4604.1293,3391.6435,2108.098,3332.5985,2046.325
2017年08月份,34565.95,18057.6053,327100.64,234872.1338,55525.59,62146.7508,5069.41,4798.1715,3376.6481,2034.359,3200.7481,1952.547
2017年07月份,34435.24,17948.7621,316976.04,225201.257,45183.23,52428.9144,4200.14,4103.9153,3276.9461,2006.188,3139.5035,1894.092
2017年06月份,34152.76,17684.5009,307464.99,226856.7263,36688.78,48069.8961,3212.64,3571.8165,3193.4613,1989.201,3078.7872,1873.677
2017年05月份,33682.7,17208.4099,297775.27,215837.5048,36229.45,45074.5052,3245.1,3239.9087,3154.7812,2000.698,3016.5305,1881.495
2017年04月份,33439.72,16737.0407,300302.72,227178.1092,42432.35,49650.1104,3804.05,3544.8225,3295.187,2128.681,3097.3334,1979.891
2017年03月份,33291.89,16465.6025,304479.78,235108.3714,51129.25,64814.073,4140.38,4021.8829,3283.2393,2148.875,3193.1565,2080.626
2017年02月份,33130.72,16375.4104,303722.14,234489.7309,37965.03,42870.64,3422.65,3040.8248,3264.0819,2096.041,3132.0333,2008.526
2017年01月份,33012.48,16335.4277,294122.4,223125.3603,30703.58,36938.1371,2781.96,2623.6026,3174.5781,2104.108,3044.2912,1954.567
2016年12月份,32707.76,16042.5342,284607.63,223078.2546,44417.99,53870.0071,3996.68,3632.1652,3279.714,2218.318,3068.415,2064.887
2016年11月份,32535.21,15916.9701,295302.89,235367.5448,58917.24,77553.0361,5235.33,4992.5484,3301.213,2243.112,3094.103,2168.317
2016年10月份,32405.88,15827.0432,278042.22,226855.4302,30821.55,46424.1117,2805.54,3102.4998,3137.034,2173.678,3014.62,2126.946
2016年09月份,32239.16,15649.6729,265741.24,219266.3008,31625.92,51006.6547,2820.92,3391.4981,3105.678,2152.536,2969.132,2072.304
2016年08月份,31997.09,15317.6868,270601.32,221033.8787,44693.26,67073.705,3973.98,4422.9834,3140.441,2145.896,2931.963,2015.236
2016年07月份,31601.86,15215.8791,256919.86,209543.8541,47371.44,79885.3438,4043.66,4935.7685,3069.047,2147.539,2922.52,2045.02
2016年06月份,31327.53,14948.3131,250920.44,212000.0742,37931.23,76793.395,3196.72,4583.8163,2945.942,2073.958,2807.598,1921.224
2016年05月份,30891.66,14248.1116,248543.79,200097.6279,31736.73,58969.1603,2868.41,3664.7812,3004.418,2039.989,2780.763,1872.702
2016年04月份,30620.77,13451.7637,249670.57,198236.6484,42272.61,72080.98,3797.77,4347.2939,3097.165,2076.99,2905.049,1951.235
2016年03月份,30494.32,13130.2587,254081.52,200074.6146,53789.0,80192.1329,5109.68,5294.3389,3028.322,2020.198,2668.757,1770.857
2016年02月份,30383.7,12991.2549,226320.64,170706.8067,30827.21,47358.1855,3018.69,3189.1256,2933.964,1981.205,2638.963,1776.106
2016年01月份,30325.5,12889.8699,229463.81,174336.4771,43460.68,64773.1909,4016.34,4249.9932,3538.689,2410.874,2638.302,1773.784
2015年12月份,30235.54,12779.2794,295194.2,236109.9961,72215.57,110172.6214,5378.49,5851.4031,3684.567,2496.569,3399.2803,2299.719
2015年11月份,30042.58,12499.3445,284894.29,218741.8778,92309.64,130962.6867,7077.34,7307.9084,3678.2725,2468.337,3302.1835,2100.984
2015年10月份,29849.23,12343.361,278486.09,198135.9227,64279.18,86362.7568,5459.66,5569.4209,3457.517,2152.249,3133.1266,1880.147
2015年09月份,29721.79,12167.6034,251074.57,168453.5927,56308.19,59810.006,5366.02,4460.4387,3256.7433,1892.003,2983.5352,1724.902
2015年08月份,29496.26,11695.1151,263124.83,174902.3642,107950.48,97242.06411,8736.44,5994.9202,4006.3372,2448.969,2850.7135,1832.579
2015年07月份,29434.12,11597.3405,300012.99,204832.6489,161218.14,120223.0292,13203.14,7129.2742,4317.0527,2639.203,3373.5396,1974.779
2015年06月份,29063.54,11439.3233,346690.84,237882.814,200365.3,166247.5401,12892.68,7570.0954,5178.191,3304.692,3847.8799,2579.805
2015年05月份,28149.53,10984.2602,360625.68,266839.7766,163910.87,148164.98701946,10705.31,7030.777678,4986.503,3105.564,4099.042,2311.186
2015年04月份,27965.8,10443.1473,348418.9,215072.455,174089.5,126547.95842714,12725.4,6889.47344858,4572.391,2398.688,3742.213,2101.711
2015年03月份,27819.46,10045.6982,292210.37,184807.7844,113018.96,95495.4318,9467.74,5840.4309,3835.567,2070.291,3198.37,1738.884
2015年02月份,27598.4,9932.2381,255115.63,152477.0623,41447.67,34525.8103,3636.08,2255.6666,3324.546,1704.296,3049.111,1568.128
2015年01月份,27390.34,9871.9637,244996.24,140428.5265,78474.86,49195.1166,7053.36,3437.9859,3406.786,1624.595,3095.066,1504.946
2014年12月份,27085.17,9709.928,243974.02,128572.936,115173.9,65964.1716,11427.63,5086.333,3239.357,1572.437,2665.686,1468.068
2014年11月份,26968.89,9518.8967,201252.15,126574.7734,48995.7,39906.3579,5711.89,3275.0271,2683.18,1484.229,2401.75,1383.684
2014年10月份,26912.48,9479.3607,180974.34,119512.3194,31375.97,33729.4184,3713.92,2836.0878,2423.596,1418.72,2279.836,1360.486
2014年09月份,26818.95,9420.3415,176124.14,117424.0285,35652.53,40872.1219,4205.94,3507.913,2365.491,1394.068,2217.685,1287.146
2014年08月份,26591.85,9267.491,163342.43,105359.4051,27982.46,32823.2855,3358.64,2959.1668,2248.939,1288.649,2180.597,1215.48
2014年07月份,26503.46,9235.7338,161470.57,100518.8879,23994.16,29321.6448,3000.01,2688.2986,2202.126,1211.06,2033.004,1150.57
2014年06月份,26364.14,9119.0107,149421.28,94708.388,13193.06,19111.8645,1605.69,1643.2936,2087.322,1145.36,2010.53,1096.67
2014年05月份,26205.11,8911.7067,148663.67,91059.9424,12055.37,15461.4861,1519.64,1368.6776,2061.06,1112.92,1991.055,1061.75
2014年04月份,26071.0,8636.3179,147495.35,88780.3536,16876.08,17992.6658,2076.72,1617.9594,2146.67,1145.45,1997.64,1064.55
2014年03月份,26016.26,8206.9602,147741.56,88883.5018,18702.84,23515.7057,2319.92,2033.6321,2079.551,1161.09,1974.382,1094.93
2014年02月份,25946.76,8171.6914,148812.1,92871.3598,17968.53,25928.4945,2056.98,2031.282,2177.978,1214.02,2014.381,1139.36
2014年01月份,25923.53,8162.5337,146312.12,91513.5612,13663.8,22123.6485,1570.39,1768.0574,2113.11,1141.41,1984.824,1074.78
2013年12月份,25751.68969628,8070.3541,151165.27327707,87911.9244,18262.17689849,21290.5,2103.82232278,1833.7553,2260.871,1120.6,2068.543,1073.57
2013年11月份,25599.54,8021.8083,157701.32,89983.2859,19287.39,20807.16,2195.5922,1854.0829,2234.387,1138.37,2078.988,1052.77
2013年10月份,25561.84,8006.3808,151969.82135539,84224.692,21016.54852663,22438.76,2382.67635349,1997.32,2242.984,1155.11,2093.197,1078.04
2013年09月份,25498.7,7990.2724,154176.0,87100.4163,25465.75,21417.54,3007.6781,1992.0638,2270.268,1109.42,2078.455,1052.43
2013年08月份,25460.05,7953.5214,148444.65,81747.4611,20726.1,24435.32,2494.9586,2243.5417,2198.848,1074.82,1997.058,1014.35
2013年07月份,25395.3920153,7946.3087,141092.00341419,77439.8271,18236.3671336,23266.26,2169.81265591,2110.9926,2092.868,1027.67,1946.366,933.93
2013年06月份,25251.0837,7855.341,139774.5222,73038.3968,13326.4054,15166.5,1555.265316,1406.7209,2313.425,1084.14,1849.653,921.74
2013年05月份,24895.55,7691.9677,162317.72,85437.0264,20969.94,24048.29,2305.2334,2126.5715,2334.335,1092.54,2161.14,957.78
2013年04月份,24787.4898,7427.3579,153372.452,75269.4409,12886.8313,12853.22,1501.430433,1168.1643,2253.421,989.8,2165.784,949.21
2013年03月份,24734.11,7320.6794,157311.6812,76373.2918,20452.177,18243.64,2334.405165,1683.7892,2369.649,1022.37,2228.813,967.67
2013年02月份,24717.41,7262.9616,166305.89,79210.331,16318.71,13953.79,1831.0166,1264.862,2444.804,1017.16,2289.887,984.12
2013年01月份,24691.96,7251.2097,167496.85,76411.4341,22660.36,20541.61,2681.8392,1971.9564,2391.821,983.89,2234.947,923.71
2012年12月份,24617.62,7215.9968,158698.44,71659.1818,17251.16,14433.73,2257.2905,1554.509,2269.512,919.8,1949.457,777.41
2012年11月份,24582.96,7217.402,138226.31,61151.7702,9209.76,8309.49,1251.2783,922.9791,2123.327,904.96,1959.334,787.13
2012年10月份,24565.3,7198.7388,144324.72,68459.2802,9232.96,9015.86,1234.9373,961.6975,2138.027,923.75,2053.092,881.32
2012年09月份,24490.33,7175.9609,145002.93,68944.4457,11581.76,11635.49,1437.6703,1137.1811,2145.003,946.09,1999.484,875.83
2012年08月份,24466.3256,7121.0496,142246.6544,67318.3118,11474.5395,12549.57,1366.4037,1174.6126,2176.795,952.45,2032.537,880.07
2012年07月份,24330.98,7092.0048,145228.16,67963.8535,12213.76,12752.84,1353.0522,1086.6444,2244.832,986.34,2100.252,901.18
2012年06月份,24201.53,6937.35147239,153189.31,73019.96920497,12177.69,11850.83,1283.9247,1025.9751,2388.087,1018.69,2188.716,963.74
2012年05月份,24018.6585,6758.987,162995.0807,76312.9658,19451.559,15685.47,2000.232033,1356.8141,2453.731,1028.7,2309.072,991.5
2012年04月份,23858.87,6480.0038,164410.8645,73767.0651,14719.4148,12119.04,1637.543953,1118.9181,2415.749,1006.72,2251.393,962.0
2012年03月份,23790.92,6374.3346,154942.35,69762.5549,20326.76,18302.61,2101.2009,1483.6602,2476.216,1067.23,2242.345,940.64
2012年02月份,23525.68,6318.5138,164763.61,74046.911,17746.36,15915.62,1956.3345,1416.8341,2478.375,1035.34,2263.342,904.55
2012年01月份,23498.8714,6303.2799,155020.9216,65898.36,9075.1301,7551.87,1048.557736,692.2911,2324.493,931.14,2132.626,855.38
2011年12月份,23466.6508,6278.4631,148376.2238,66381.872,10290.6337,9698.01,1161.843435,807.4834,2423.559,1080.84,2134.017,889.61
2011年11月份,23400.1092,6211.0853,156401.7271,75313.684,16326.3619,16228.06,1650.989536,1205.6288,2536.779,1139.19,2319.44,1074.32
2011年10月份,23310.2532,6166.6828,165015.1574,77967.756,11181.9293,9500.58,1204.697848,755.596,2483.759,1096.64,2307.146,1022.41
2011年09月份,23173.4211,6147.8472,156629.1495,74967.121,12131.6776,10184.66,1192.911202,768.1981,2584.804,1206.66,2348.217,1061.45
2011年08月份,23118.2569,6081.0141,169769.7807,84847.422,19185.0421,17787.97,1808.1248,1216.154,2712.888,1251.6,2437.681,1171.07
2011年07月份,23003.6755,5997.8317,177654.9785,85725.712,23057.6969,19114.89,1976.153449,1309.6372,2826.959,1296.9,2677.119,1225.04
2011年06月份,22767.5479,5861.0232,181250.6958,82963.641,18543.4803,12842.76,1630.492254,981.7631,2774.365,1211.75,2610.99,1135.29
2011年05月份,22488.1895,5683.5852,179410.6669,78780.697,20491.5343,13581.39,1802.431843,1015.8234,2933.46,1273.76,2689.206,1158.04
2011年04月份,22299.1,5389.8873,189910.2923,84727.077,27369.2333,18556.08,2326.42977,1286.309,3067.456,1351.03,2871.01,1255.94
2011年03月份,22133.9162,5205.512,190187.1702,87475.008,37034.1232,26264.77,2948.575568,1623.3218,3012.044,1377.05,2850.945,1327.86
2011年02月份,22067.8047,5128.986,187914.3473,88943.371,21667.8026,15906.61,1758.678991,936.4124,2944.413,1362.22,2760.175,1255.23
2011年01月份,22029.71,5090.9183,179868.1708,81421.683,20275.7888,14423.48,1731.582965,857.3286,2868.005,1377.68,2661.448,1198.68
2010年12月份,21939.5065,5044.9752,179007.2382,86415.354,26542.8821,23038.8798,1293.296954,1306.514224,2939.05,1422.37,2721.479,1313.17
2010年11月份,21827.7655,4932.8268,178723.8301,85591.749,45922.1196,36648.0093,3553.946129,2173.939564,3186.72,1478.97,2758.924,1321.31
2010年10月份,21454.3979,4865.6365,187015.4194,83118.167,36891.2823,25946.5809,2973.713773,1700.142143,3073.384,1373.74,2677.994,1261.32
2010年09月份,21305.81,4814.6129,165191.88,73548.481,23533.28,20646.77,2051.9206,1395.9052,2704.933,1271.05,2573.629,1204.18
2010年08月份,21150.76,4747.9111,163401.11,71720.248,24773.56,22597.31,2412.7524,1621.924,2701.93,1226.66,2564.838,1138.91
2010年07月份,20658.91,4649.4313,161367.0,64555.052,17526.12,15147.34,1911.0953,1207.3461,2656.408,1131.05,2319.739,971.12
2010年06月份,17533.49,4586.1931,139065.89,56072.838,12969.7,12338.2,1226.9379,895.827,2598.897,1130.78,2382.358,993.49
2010年05月份,17312.19835725,4454.5024,149971.17105674,59668.26,18658.0,14189.3,1671.535121,1019.654786,2862.555,1185.51,2481.974,1046.04
2010年04月份,17153.68,4287.4551,165860.99,62044.52,28788.1,23141.3,2300.3183,1496.8295,3181.663,1319.38,2820.949,1185.89
2010年03月份,17075.54597228,4143.2926,179578.57240765,65374.007,25294.32741553,18820.59426492,2150.99624367,1304.2708659,3132.576,1274.15,2963.438,1199.69
2010年02月份,16923.00944042,4077.0136,174852.63138063,61744.368,14307.34703852,10011.26013415,1227.04525109,744.4029544,3067.525,1236.96,2890.021,1158.9
2010年01月份,16767.13385637,4022.2709,169410.78594739,56950.832,29105.28958427,18795.9873364,2357.92847698,1320.79008535,3306.751,1305.98,2963.891,1172.15
2009年12月份,16659.95582181,3907.5617,184655.22570837,59283.893,31949.94720483,20165.08,2694.5649478,1458.3813,3334.011,1302.85,3039.858,1185.37
2009年11月份,16484.29574521,3863.0574,178652.42606219,57250.614,39150.94768278,24860.42,3435.04601473,1942.3722,3361.386,1298.71,2923.525,1140.37
2009年10月份,16410.224305,3825.1926,165927.44366454,49964.568,20003.5823572,12368.61,1769.14097403,999.4304,3123.463,1146.54,2834.618,1047.11
2009年09月份,16385.49573165,3777.1115,153562.13542291,43339.555,28334.70414505,15863.51,2583.73454861,1335.6994,3068.028,1124.22,2639.759,957.34
2009年08月份,16188.03576485,3735.9378,146363.14917487,40732.247,33367.09299158,17170.44,2912.92507632,1436.4236,3478.01,1213.28,2662.997,1005.88
2009年07月份,16140.35938318,3700.3295,186119.25484451,49615.549,47334.81507536,23561.32,4171.64367543,2014.7636,3454.019,1196.76,2947.69,1026.37
2009年06月份,15724.15227678,3674.6759,159107.69127578,42340.37,30859.29405731,15319.54,2982.10422053,1472.0677,2997.272,1020.09,2668.4,948.96
2009年05月份,15604.61,3554.8818,141337.38,38449.26,24211.02,12864.78,2474.0762,1302.1961,2688.112,954.35,2486.225,905.17
2009年04月份,15518.04,3507.8263,132959.05,36294.26,30107.17,15632.95,3180.9926,1637.3628,2579.218,911.81,2331.877,835.07
2009年03月份,15453.1,3446.6731,127267.07,34207.17,25066.13,12488.62,2876.2872,1425.4207,2392.769,827.17,2037.024,711.19
2009年02月份,15448.42,3445.303,111624.52,28764.68,26363.9,14026.1,3246.751,1713.534,2402.807,813.18,1987.129,655.57
2009年01月份,15424.75,3444.058,106478.69,26616.8,9763.3,5153.5,1352.376,689.711,2018.51,648.6,1844.094,600.23
2008年12月份,15410.39,3441.8579,97251.91,24114.53,15725.37,7862.78,2287.5018,1175.3181,2100.806,661.0,1814.752,583.35
2008年11月份,15286.51,3420.2605,99152.56,23331.68,11882.06,5230.23,1832.116,874.147,2050.879,599.16,1678.957,488.61
2008年10月份,15284.61,3415.333,91719.66,20348.14,7324.39,3071.59,1021.3991,478.0304,2267.394,633.99,1664.925,503.86
2008年09月份,15267.87,3385.4943,121615.05,26548.93,8116.64,3425.05,1062.4334,456.8702,2380.468,686.08,1802.331,584.63
2008年08月份,15222.59,3340.5737,127029.73,28405.56,7894.27,3914.54,917.4281,438.3424,2830.764,882.93,2284.585,679.93
2008年07月份,15094.87,3307.167,146667.15,35217.45,15315.04,7945.24,1451.5311,764.4652,2952.039,938.88,2566.528,830.94
2008年06月份,15033.03,3244.1661,144508.33,33526.77,11322.15,5540.49,1020.226,495.7654,3483.61,1099.05,2693.404,834.03
2008年05月份,14980.19,3138.2492,181247.11,43619.59,19792.87,9674.0,1425.7348,690.4348,3786.024,1215.08,3333.951,1086.01
2008年04月份,14785.95,3006.0321,194727.31,45516.94,18648.58,8252.82,1368.8541,600.6464,3705.093,1159.82,2990.788,963.84
2008年03月份,14476.47,2902.6198,181350.15,45438.99,19418.53,9113.89,1291.2076,574.9607,4472.151,1498.65,3357.229,1186.6
2008年02月份,14300.84,2853.4214,225846.35,55786.67,14230.33,6881.35,861.338,396.7523,4695.802,1527.08,4123.305,1385.04
2008年01月份,14198.16,2818.71,225354.97,52499.85,30759.73,15770.72,1771.8303,874.0617,5522.778,1667.91,4330.697,1424.35
