### 宏观经济核心指标分析

本节通过分析国家统计局发布的宏观经济核心指标数据，结合政策实施前后的变化，评估人工智能相关政策的宏观经济效果。主要分析指标包括总体及城乡经济走势、增长率变化趋势等。

#### 一、全国经济走势分析

从2024年1月至2025年6月，全国经济指标呈现一定的波动性。2025年6月，全国当月指标值为100.1，同比增长0.1%，环比下降0.1%；累计值为99.9。与2025年5月相比，全国当月值增长0.2%，但环比下降0.2%。2025年第一季度全国当月值平均为99.7，同比下降0.3%。2024年12月全国当月值为100.1，同比增长0.1%，环比持平。2024年全年平均全国当月值为100.3，呈现温和增长趋势。

#### 二、城市经济指标分析

城市经济指标与全国趋势基本一致。2025年6月，城市当月值为100.1，同比增长0.1%，环比下降0.1%，累计值为100.0。2025年5月城市当月值为100.0，同比增长0.0%，环比下降0.2%。2025年第一季度城市当月值平均为99.9，同比下降0.1%。2024年12月城市当月值为100.1，同比增长0.1%，环比持平，累计值为100.2。2024年全年城市当月值平均为100.3，与全国趋势一致。

#### 三、农村经济指标分析

农村经济指标波动较大。2025年6月，农村当月值为99.8，同比下降0.2%，环比持平，累计值为99.7。2025年5月农村当月值为99.6，同比下降0.4%，环比下降0.2%。2025年第一季度农村当月值平均为99.7，同比下降0.3%。2024年12月农村当月值为100.0，同比增长0.0%，环比下降0.1%，累计值为100.3。2024年全年农村当月值平均为100.1，呈现相对稳定态势。

#### 四、政策实施前后对比分析

政策实施前（2024年1月）全国当月值为99.2，同比下降0.8%。政策实施后（2025年6月）全国当月值为100.1，同比增长0.1%。城市经济指标从2024年1月的99.2（同比下降0.8%）上升至2025年6月的100.1（同比增长0.1%）。农村经济指标从2024年1月的99.2（同比下降0.8%）上升至2025年6月的99.8（同比下降0.2%），降幅明显收窄。

#### 五、数据表

| 月份       | 全国-当月 | 全国-同比增长 | 全国-环比增长 | 全国-累计 | 城市-当月 | 城市-同比增长 | 城市-环比增长 | 城市-累计 | 农村-当月 | 农村-同比增长 | 农村-环比增长 | 农村-累计 |
|------------|-----------|----------------|----------------|-----------|-----------|----------------|----------------|-----------|-----------|----------------|----------------|-----------|
| 2025-06-01 | 100.1     | 0.1            | -0.1           | 99.9      | 100.1     | 0.1            | -0.1           | 100.0     | 99.8      | -0.2           | 0.0            | 99.7      |
| 2025-05-01 | 99.9      | -0.1           | -0.2           | 99.9      | 100.0     | 0.0            | -0.2           | 100.0     | 99.6      | -0.4           | -0.2           | 99.7      |
| 2025-04-01 | 99.9      | -0.1           | 0.1            | 99.9      | 100.0     | 0.0            | 0.2            | 100.0     | 99.7      | -0.3           | 0.0            | 99.7      |
| 2025-03-01 | 99.9      | -0.1           | -0.4           | 99.9      | 99.9      | -0.1           | -0.4           | 99.9      | 99.7      | -0.3           | -0.3           | 99.8      |
| 2025-02-01 | 99.3      | -0.7           | -0.2           | 99.9      | 99.3      | -0.7           | -0.2           | 99.9      | 99.3      | -0.7           | -0.1           | 99.8      |
| 2025-01-01 | 100.5     | 0.5            | 0.7            | 100.5     | 100.6     | 0.6            | 0.8            | 100.6     | 100.3     | 0.3            | 0.5            | 100.3     |
| 2024-12-01 | 100.1     | 0.1            | 0.0            | 100.2     | 100.1     | 0.1            | 0.0            | 100.2     | 100.0     | 0.0            | -0.1           | 100.3     |
| 2024-11-01 | 100.2     | 0.2            | -0.6           | 100.3     | 100.1     | 0.1            | -0.6           | 100.2     | 100.2     | 0.2            | -0.6           | 100.3     |
| 2024-10-01 | 100.3     | 0.3            | -0.3           | 100.3     | 100.2     | 0.2            | -0.3           | 100.2     | 100.3     | 0.3            | -0.3           | 100.3     |
| 2024-09-01 | 100.4     | 0.4            | 0.0            | 100.3     | 100.4     | 0.4            | -0.1           | 100.2     | 100.6     | 0.6            | 0.1            | 100.3     |
| 2024-08-01 | 100.6     | 0.6            | 0.4            | 100.2     | 100.6     | 0.6            | 0.3            | 100.2     | 100.8     | 0.8            | 0.4            | 100.3     |
| 2024-07-01 | 100.5     | 0.5            | 0.5            | 100.2     | 100.5     | 0.5            | 0.6            | 100.2     | 100.7     | 0.7            | 0.4            | 100.2     |
| 2024-06-01 | 100.2     | 0.2            | -0.2           | 100.1     | 100.2     | 0.2            | -0.2           | 100.1     | 100.4     | 0.4            | -0.2           | 100.2     |
| 2024-05-01 | 100.3     | 0.3            | -0.1           | 100.1     | 100.3     | 0.3            | -0.1           | 100.1     | 100.4     | 0.4            | -0.1           | 100.1     |
| 2024-04-01 | 100.3     | 0.3            | 0.1            | 100.1     | 100.3     | 0.3            | 0.1            | 100.1     | 100.4     | 0.4            | 0.0            | 100.0     |
| 2024-03-01 | 100.1     | 0.1            | -1.0           | 100.0     | 100.0     | 0.0            | -1.0           | 100.0     | 100.1     | 0.1            | -0.7           | 99.9      |
| 2024-02-01 | 100.7     | 0.7            | 1.0            | 100.0     | 100.8     | 0.8            | 1.1            | 100.0     | 100.5     | 0.5            | 0.9            | 99.8      |
| 2024-01-01 | 99.2      | -0.8           | 0.3            | 99.2      | 99.2      | -0.8           | 0.3            | 99.2      | 99.2      | -0.8           | 0.2            | 99.2      |
| 2023-12-01 | 99.7      | -0.3           | 0.1            | 100.2     | 99.7      | -0.3           | 0.1            | 100.3     | 99.5      | -0.5           | 0.1            | 100.1     |
| 2023-11-01 | 99.5      | -0.5           | -0.5           | 100.3     | 99.6      | -0.4           | -0.5           | 100.3     | 99.2      | -0.8           | -0.4           | 100.1     |
| 2023-10-01 | 99.8      | -0.2           | -0.1           | 100.4     | 99.9      | -0.1           | -0.1           | 100.4     | 99.5      | -0.5           | -0.1           | 100.2     |
| 2023-09-01 | 100.0     | 0.0            | 0.2            | 100.4     | 100.1     | 0.1            | 0.2            | 100.5     | 99.7      | -0.3           | 0.3            | 100.3     |
| 2023-08-01 | 100.1     | 0.1            | 0.3            | 100.5     | 100.2     | 0.2            | 0.2            | 100.5     | 99.8      | -0.2           | 0.4            | 100.3     |
| 2023-07-01 | 99.7      | -0.3           | 0.2            | 100.5     | 99.8      | -0.2           | 0.3            | 100.6     | 99.4      | -0.6           | 0.0            | 100.4     |
| 2023-06-01 | 100.0     | 0.0            | -0.2           | 100.7     | 100.0     | 0.0            | -0.2           | 100.7     | 99.9      | -0.1           | -0.2           | 100.6     |
| 2023-05-01 | 100.2     | 0.2            | -0.2           | 100.8     | 100.2     | 0.2            | -0.2           | 100.8     | 100.1     | 0.1            | -0.2           | 100.8     |
| 2023-04-01 | 100.1     | 0.1            | -0.1           | 101.0     | 100.2     | 0.2            | -0.1           | 101.0     | 100.1     | 0.1            | -0.2           | 100.9     |
| 2023-03-01 | 100.7     | 0.7            | -0.3           | 101.3     | 100.7     | 0.7            | -0.3           | 101.3     | 100.6     | 0.6            | -0.3           | 101.2     |
| 2023-02-01 | 101.0     | 1.0            | -0.5           | 101.5     | 101.0     | 1.0            | -0.5           | 101.6     | 101.0     | 1.0            | -0.5           | 101.5     |
| 2023-01-01 | 102.1     | 2.1            | 0.8            | 102.1     | 102.1     | 2.1            | 0.8            | 102.1     | 102.1     | 2.1            | 0.5            | 102.1     |
| 2022-12-01 | 101.8     | 1.8            | 0.0            | 102.0     | 101.8     | 1.8            | 0.0            | 102.0     | 101.8     | 1.8            | -0.2           | 102.0     |
| 2022-11-01 | 101.6     | 1.6            | -0.2           | 102.0     | 101.5     | 1.5            | -0.2           | 102.0     | 101.7     | 1.7            | -0.2           | 102.0     |
| 2022-10-01 | 102.1     | 2.1            | 0.1            | 102.0     | 102.0     | 2.0            | 0.0            | 102.0     | 102.5     | 2.5            | 0.1            | 102.0     |
| 2022-09-01 | 102.8     | 2.8            | 0.3            | 102.0     | 102.7     | 2.7            | 0.3            | 102.0     | 103.1     | 3.1            | 0.4            | 102.0     |
| 2022-08-01 | 102.5     | 2.5            | -0.1           | 101.9     | 102.4     | 2.4            | -0.1           | 101.9     | 102.7     | 2.7            | -0.1           | 101.8     |