月份,当月,当月-同比增长,当月-环比增长,累计,累计-同比增长
2008年01月份,11200250.0,116.42242395,-14.46044457,11200250,109.78
2008年02月份,6928190.0,52.80120508,-38.14254146,18128440,75.19
2008年03月份,9285600.0,50.17175239,34.02634743,27414040,61.26
2008年04月份,7602890.0,70.21497143,-18.12171534,35016930,59.32
2008年05月份,7760960.0,58.42185625,2.07907782,42777890,54.97
2008年06月份,9610050.0,44.94096816,23.82553189,52387940,45.55
2008年07月份,8336010.0,65.31928438,-13.25737119,60723950,44.54
2008年08月份,7008160.0,39.65151684,-15.92908358,67732110,41.6
2008年09月份,6641870.0,26.04197306,-5.22662154,74373980,39.85
2008年10月份,6721860.0,-0.80207077,1.2043295,81095840,35.06
2008年11月份,5321810.0,-30.69801905,-20.8283124,86417650,26.29
2008年12月份,5977790.0,-54.34588522,12.32625742,92395440,23.58
2009年01月份,7540950.0,-32.67159215,26.14946326,7540950,-32.67
2009年02月份,5832890.0,-15.80932394,-22.65046181,13373840,-26.23
2009年03月份,8403480.0,-9.49987077,44.07060651,21777320,-20.56
2009年04月份,5891510.0,-22.50959832,-29.89202092,27668830,-20.98
2009年05月份,6379000.0,-17.80656001,8.27444916,34047830,-20.4
2009年06月份,8960750.0,-6.75646849,40.47264462,43008580,-17.9
2009年07月份,5359420.0,-35.70761072,-40.19005106,48368000,-20.35
2009年08月份,7499000.0,7.00383553,39.92185722,55867000,-17.52
2009年09月份,7899000.0,18.92735028,5.33404454,63766000,-14.26
2009年10月份,7105000.0,5.69991044,-10.0519053,70871000,-12.61
2009年11月份,7023000.0,31.96637986,-1.15411682,77894000,-9.86
2009年12月份,12139000.0,103.06835804,72.84636195,90033000,-2.56
2010年01月份,8129000.0,7.7980891,-33.03402257,8129000,7.79
2010年02月份,5895000.0,1.06482378,-27.48185509,14024000,4.86
2010年03月份,9419000.0,12.08451737,59.77947413,23443000,7.65
2010年04月份,7346110.0,24.68976544,-22.00753796,30789110,11.28
2010年05月份,8132030.0,27.48126666,10.69845129,38921140,14.31
2010年06月份,12508630.0,39.59356081,53.81928006,51429770,19.58
2010年07月份,6923860.0,29.1904721,-44.64733548,58353630,20.65
2010年08月份,7602370.0,1.37845046,9.79959156,65956000,13.0281
2010年09月份,8383830.0,6.13786555,10.27916295,74339830,16.58
2010年10月份,7663170.0,7.85601689,-8.59583269,82003000,15.71
2010年11月份,9704000.0,38.17456927,26.6316681,91707000,17.73
2010年12月份,14028240.0,15.56339072,44.56141797,105735240,17.44
2011年01月份,10027550.0,23.35527125,-28.51883059,10027550,23.36
2011年02月份,7795390.0,32.23731976,-22.26027295,17822940,27.09
2011年03月份,12516620.0,32.88693067,60.56438485,30339560,29.42
2011年04月份,8463930.0,15.21648873,-32.37846959,38803490,26.03
2011年05月份,9224510.0,13.43428394,8.98613292,48028000,23.4
2011年06月份,12862810.0,2.83148514,39.4416614,60890810,18.4
2011年07月份,8296190.0,19.82030255,-35.50250684,69187000,18.57
2011年08月份,8447000.0,11.11008804,1.8178224,77634000,17.71
2011年09月份,9044570.0,7.88112354,7.07434592,86678570,16.6
2011年10月份,8333580.0,8.74846832,-7.86095967,95012150,15.86
2011年11月份,8756850.0,-9.76040808,5.07908966,103769000,13.15
2011年12月份,12242000.0,-12.73317251,39.79912868,116011000,9.72
2012年01月份,9997000.0,-0.30466066,-18.33850678,9997000,-0.3
2012年02月份,7725590.0,-0.895401,-22.72091627,17722590,-0.56
2012年03月份,11756950.0,-6.06929027,52.18190455,29479540,-2.83
2012年04月份,8401420.0,-0.73854581,-28.54082054,37880960,-2.38
2012年05月份,9229040.0,0.0491083,9.85095377,47110000,-1.91
2012年06月份,11979000.0,-6.87104917,29.79681527,59089000,-2.96
2012年07月份,7580000.0,-8.63275793,-36.72259788,66669000,-3.64
2012年08月份,8325000.0,-1.44429975,9.82849604,74994000,-3.4
2012年09月份,8429000.0,-6.80596203,1.24924925,83423000,-3.76
2012年10月份,8313000.0,-0.24695269,-1.37620121,91736000,-3.45
2012年11月份,8286000.0,-5.37693349,-0.32479249,100022000,-3.61
2012年12月份,11694000.0,-4.47639275,41.12961622,111716000,-3.7
2013年01月份,9270000.0,-7.27218165,-20.72857876,9270000,-7.27
2013年02月份,8214000.0,6.3219767,-11.39158576,17484000,-1.35
2013年03月份,12420700.0,5.64559686,51.21378135,29904700,1.44
2013年04月份,8435300.0,0.40326516,-32.0867584,38340000,1.21
2013年05月份,9255000.0,0.28128603,9.71749671,47595000,1.03
2013年06月份,14389000.0,20.11854078,55.47271745,61984000,4.9
2013年07月份,9408000.0,24.11609499,-34.61672111,71392000,7.09
2013年08月份,8378000.0,0.63663664,-10.94812925,79770000,6.37
2013年09月份,8839000.0,4.86415945,5.50250656,88609000,6.22
2013年10月份,8417000.0,1.25105257,-4.77429573,97026000,5.77
2013年11月份,8480000.0,2.34129858,0.74848521,105506000,5.48
2013年12月份,12080000.0,3.30083804,42.45283019,117586000,5.25
2014年01月份,10763000.0,16.10571737,-10.90231788,10763000,16.11
2014年02月份,8547000.0,4.05405405,-20.5890551,19310000,10.44
2014年03月份,12239000.0,-1.46288051,43.1964432,31549000,5.5
2014年04月份,8720000.0,3.37510225,-28.75234905,40269000,5.03
2014年05月份,8640000.0,-6.64505673,-0.91743119,48909000,2.76
2014年06月份,14417000.0,0.19459309,66.86342593,63326000,2.17
2014年07月份,7813000.0,-16.95365646,-45.80703336,71139000,-0.35
2014年08月份,7205000.0,-14.00095488,-7.78190196,78344000,-1.79
2014年09月份,9010500.0,1.94026474,25.05898681,87354500,-1.42
2014年10月份,8526500.0,1.30093858,-5.37151101,95881000,-1.18
2014年11月份,10360000.0,22.16981132,21.50354776,106241000,0.7
2014年12月份,13321000.0,10.27317881,28.58108108,119562000,1.68
2015年01月份,13923000.0,29.35984391,4.51918024,13923000,29.35
2015年02月份,8561000.0,0.16380016,-38.51181498,22484000,16.44
2015年03月份,12399000.0,1.30729635,44.83121131,34883000,10.57
2015年04月份,9611000.0,10.21788991,-22.48568433,44494000,10.49
2015年05月份,9335000.0,8.04398148,-2.8717095,53829000,10.06
2015年06月份,14582000.0,1.14448221,56.20782003,68411000,8.03
2015年07月份,8220000.0,5.20926661,-43.62913181,76631000,7.72
2015年08月份,8712000.0,20.91603053,5.98540146,85343000,8.93
2015年09月份,9560000.0,6.09844071,9.73370064,94903000,8.64
2015年10月份,8773000.0,2.89098692,-8.23221757,103676000,8.13
2015年11月份,10361000.0,0.00965251,18.10099168,114037000,7.34
2015年12月份,12230000.0,-8.19007582,18.03879934,126267000,5.6
2016年01月份,14070000.0,1.05580694,15.04497138,14070000,1.1
2016年02月份,8447000.0,-1.33162014,-39.9644634,22517000,0.2
2016年03月份,12898000.0,4.02451811,52.69326388,35415000,1.5
2016年04月份,9888000.0,2.88211424,-23.33695147,45303000,1.8
2016年05月份,8887000.0,-4.79914301,-10.12338188,54190000,0.7
2016年06月份,15227000.0,4.42326156,71.34015978,69417000,1.5
2016年07月份,7709000.0,-6.21654501,-49.37282459,77126000,0.7
2016年08月份,8755000.0,0.49357208,13.56855623,85881000,0.6
2016年09月份,9213000.0,-3.62970711,5.2312964,95094000,0.2
2016年10月份,8812000.0,0.44454577,-4.35254532,103906000,0.2
2016年11月份,9887000.0,-4.57484799,12.19927372,113793000,-0.2
2016年12月份,12208000.0,-0.17988553,23.47527056,126001000,-0.2
2017年01月份,11998000.0,-14.72636816,-1.72018349,11998000,-9.2
2017年02月份,8706000.0,3.06617734,-27.43790632,20704000,-8.1
2017年03月份,13108000.0,1.6281594,50.56283023,33812000,-4.5
2017年04月份,8920000.0,-9.78964401,-31.94995423,42732000,-5.7
2017年05月份,8113000.0,-8.70935074,-9.0470852,50845000,-6.2
2017年06月份,14801000.0,-2.79766205,82.43559719,65646000,-5.4
2017年07月份,6495000.0,-15.74782721,-56.11782988,72141000,-6.5
2017年08月份,9363000.0,6.94460308,44.15704388,81504000,-5.1
2017年09月份,10585000.0,14.89200043,13.05137242,92089000,-3.2
2017年10月份,9034000.0,2.51929187,-14.65281058,101123000,-2.7
2017年11月份,18787000.0,90.0171943,107.95882223,119910000,5.4
2017年12月份,11125000.0,-8.87123198,-40.78352052,131035000,4.0
2018年01月份,12074000.0,0.63343891,8.53033708,12074000,0.6
2018年02月份,8988000.0,3.23914542,-25.55905251,21062000,1.7
2018年03月份,13447000.0,2.5862069,49.6105919,34509000,2.1
2018年04月份,9091000.0,1.91704036,-32.39384249,43600000,2.0
2018年05月份,9059000.0,11.66029829,-0.35199648,52659000,3.6
2018年06月份,15662000.0,5.81717452,72.88883983,68321000,4.1
2018年07月份,7749000.0,19.30715935,-50.52356021,76070000,5.5
2018年08月份,10427000.0,11.3638791,34.55929797,86497000,6.1
2018年09月份,11462000.0,8.2853094,9.92615326,97959000,6.4
2018年10月份,9696000.0,7.32787248,-15.40743326,107655000,6.5
2018年11月份,13602000.0,-27.59887156,40.28465347,121257000,1.1
2018年12月份,13709000.0,23.22696629,0.78664902,134966000,3.0
2019年01月份,12407000.0,2.75799238,-9.49741046,12407000,2.8
2019年02月份,9281000.0,3.25990209,-25.19545418,21688000,3.0
2019年03月份,14107000.0,4.90815795,51.99870704,35795000,3.7
2019年04月份,9342000.0,2.76097239,-33.77755724,45137000,3.5
2019年05月份,9472000.0,4.5590021,1.39156498,54609000,3.7
2019年06月份,16127000.0,2.96896948,70.25971284,70736000,3.5
2019年07月份,8065000.0,4.07794554,-49.99069883,78801000,3.6
2019年08月份,10459000.0,0.30689556,29.68381897,89260000,3.2
2019年09月份,11520000.0,0.50601989,10.14437327,100780000,2.9
2019年10月份,9998000.0,3.11468647,-13.21180556,110778000,2.9
2019年11月份,13616000.0,0.10292604,36.18723745,124394000,2.6
2019年12月份,13746000.0,0.26989569,0.95475911,138140000,2.4
2020年01月份,12680000.0,2.20037076,-7.75498327,12680000,2.2
2020年02月份,6740000.0,-27.37851525,-46.84542587,19420000,-10.4
2020年03月份,11780000.0,-16.49535692,74.77744807,31200000,-12.8
2020年04月份,10140000.0,8.54206808,-13.92190153,41340000,-8.4
2020年05月份,9870000.0,4.20185811,-2.66272189,51210000,-6.2
2020年06月份,16720000.0,3.67706331,69.40222898,67930000,-4.0
2020年07月份,9050000.0,12.2132672,-45.87320574,76980000,-2.3
2020年08月份,12020000.0,14.92494502,32.81767956,89000000,-0.3
2020年09月份,14260000.0,23.78472222,18.63560732,103260000,2.5
2020年10月份,11830000.0,18.32366473,-17.04067321,115090000,3.9
2020年11月份,14380000.0,5.61104583,21.55536771,129470000,4.1
2020年12月份,14900000.0,8.3951695,3.61613352,144370000,4.5
2021年01月份,13470000.0,6.23028391,-9.59731544,13470000,6.2
2021年02月份,12600000.0,86.94362018,-6.45879733,26070000,34.2
2021年03月份,18790000.0,59.50764007,49.12698413,44860000,43.8
2021年04月份,14180000.0,39.84220907,-24.53432677,59040000,42.8
2021年05月份,12540000.0,27.05167173,-11.56558533,71580000,39.8
2021年06月份,19380000.0,15.90909091,54.54545455,90960000,33.9
2021年07月份,9780000.0,8.06629834,-49.53560372,100740000,30.9
2021年08月份,13040000.0,8.48585691,33.33333333,113780000,27.8
2021年09月份,15480000.0,8.55539972,18.71165644,129260000,25.2
2021年10月份,12750000.0,7.77683855,-17.63565891,142010000,23.4
2021年11月份,15190000.0,5.63282337,19.1372549,157200000,21.4
2021年12月份,16280000.0,9.26174497,7.17577354,173480000,20.2
2022年01月份,15840000.0,17.59465479,-2.7027027,15840000,17.6
2022年02月份,22020000.0,74.76190476,39.01515152,37860000,45.2
2022年03月份,21230000.0,12.98563065,-3.58764759,59090000,31.7
2022年04月份,15380000.0,8.46262341,-27.55534621,74470000,26.1
2022年05月份,13300000.0,6.06060606,-13.52405722,87770000,22.6
2022年06月份,24580000.0,26.83178535,84.81203008,112350000,21.8
2022年07月份,11570000.0,18.30265849,-52.92921074,123920000,21.5
2022年08月份,14490000.0,11.1196319,25.23768366,138410000,20.2
2022年09月份,16890000.0,9.10852713,16.563147,155300000,18.9
2022年10月份,13040000.0,2.2745098,-22.79455299,168340000,17.4
2022年11月份,9740000.0,-35.87886768,-25.30674847,178080000,12.2
2022年12月份,11050000.0,-32.12530713,13.44969199,189130000,8.0
2023年01月份,19020000.0,20.07575758,72.12669683,19020000,10.0
2023年02月份,20690000.0,-6.03996367,8.78023134,39710000,1.0
2023年04月份,,,,73500000,-3.3
2023年05月份,10850000.0,-18.42105263,,84350000,-5.6
2023年07月份,,,,111800000,-9.8
